random-32-32-10_agents_15_test_0.yaml 2.3313e-05 0.00635608 4.182e-05 0.00119574 0.00798092 0.000347166 199 0 9 9
random-32-32-10_agents_15_test_1.yaml 1.638e-05 0.00438449 9.253e-06 0.000356983 0.00507125 2.2978e-05 228 0 3 3
random-32-32-10_agents_15_test_10.yaml 1.6256e-05 0.0038282 8.167e-06 0.000277454 0.00440409 0.000283391 166 0 3 3
random-32-32-10_agents_15_test_11.yaml 2.4868e-05 0.00598768 3.9911e-05 0.00127198 0.00774082 0.000176695 270 0 11 11
random-32-32-10_agents_15_test_12.yaml 2.1268e-05 0.00497271 2.1509e-05 0.00071921 0.00607227 0.000150003 221 0 7 7
random-32-32-10_agents_15_test_13.yaml 1.1568e-05 0.00226088 7.876e-06 0.000250155 0.00281838 2.5216e-05 170 0 3 3
random-32-32-10_agents_15_test_14.yaml 1.962e-05 0.0045036 8.857e-06 0.000411538 0.00528427 5.5773e-05 239 0 3 3
random-32-32-10_agents_15_test_15.yaml 1.8274e-05 0.00298241 2.4319e-05 0.000503092 0.00387934 4.3582e-05 220 0 5 5
random-32-32-10_agents_15_test_16.yaml 1.3448e-05 0.00251884 0 9.8286e-05 0.00289828 0 193 0 1 1
random-32-32-10_agents_15_test_17.yaml 1.8309e-05 0.00340531 9.512e-06 0.000397957 0.00424364 6.4669e-05 268 0 3 3
random-32-32-10_agents_15_test_18.yaml 2.1878e-05 0.00607369 2.0951e-05 0.000750007 0.00725301 0.000121657 184 0 7 7
random-32-32-10_agents_15_test_19.yaml 1.4544e-05 0.00226146 0 9.8229e-05 0.00262554 0 189 0 1 1
random-32-32-10_agents_15_test_2.yaml 1.7186e-05 0.00306594 1.1774e-05 0.00034409 0.00379412 5.3461e-05 210 0 3 3
random-32-32-10_agents_15_test_3.yaml 1.5732e-05 0.00292755 8.597e-06 0.000298444 0.00350731 3.4301e-05 181 0 3 3
random-32-32-10_agents_15_test_4.yaml 1.0767e-05 0.00300468 0 7.438e-05 0.00330222 0 151 0 1 1
random-32-32-10_agents_15_test_5.yaml 1.904e-05 0.00233467 1.0651e-05 0.000220222 0.00282946 5.2126e-05 181 0 3 3
random-32-32-10_agents_15_test_6.yaml 4.6311e-05 0.0170974 8.3417e-05 0.00222447 0.0199766 0.00117262 166 0 19 19
random-32-32-10_agents_15_test_7.yaml 1.6963e-05 0.00371203 1.995e-05 0.000754902 0.00487418 4.695e-05 229 0 7 7
random-32-32-10_agents_15_test_8.yaml 2.5742e-05 0.00324407 1.6839e-05 0.000625948 0.00432611 4.2122e-05 234 0 5 5
random-32-32-10_agents_15_test_9.yaml 1.6482e-05 0.00302063 7.378e-06 0.000328511 0.00368189 5.2196e-05 195 0 3 3
random-32-32-10_agents_20_test_0.yaml 0.000189162 0.0428977 0.000753229 0.0174248 0.0632401 0.00651944 272 0 143 143
random-32-32-10_agents_20_test_1.yaml 3.0941e-05 0.00478531 2.1854e-05 0.000562411 0.0058512 0.000172673 261 0 5 5
random-32-32-10_agents_20_test_10.yaml 3.2391e-05 0.00836004 1.725e-05 0.000958769 0.0101067 0.000154326 349 0 5 5
random-32-32-10_agents_20_test_11.yaml 3.2254e-05 0.00480418 2.7434e-05 0.00109883 0.00660694 0.000159555 263 0 7 7
random-32-32-10_agents_20_test_12.yaml 3.6256e-05 0.00626695 4.4582e-05 0.00190522 0.00908064 0.000256365 346 0 11 11
random-32-32-10_agents_20_test_13.yaml 3.5772e-05 0.00579837 7.0709e-05 0.00173546 0.00817444 0.00020618 240 0 17 17
random-32-32-10_agents_20_test_14.yaml 3.1246e-05 0.00382198 3.2492e-05 0.000840921 0.00529367 5.5279e-05 264 0 7 7
random-32-32-10_agents_20_test_15.yaml 2.6749e-05 0.00330721 9.52e-06 0.000353811 0.00410865 2.7501e-05 259 0 3 3
random-32-32-10_agents_20_test_16.yaml 3.6413e-05 0.0106016 6.3175e-05 0.00254482 0.0141195 0.000318371 229 0 17 17
random-32-32-10_agents_20_test_17.yaml 2.5468e-05 0.00555541 2.0602e-05 0.000883302 0.00712477 0.000263208 291 0 5 5
random-32-32-10_agents_20_test_18.yaml 2.8175e-05 0.00431737 4.4331e-05 0.00100633 0.00596349 7.134e-05 239 0 9 9
random-32-32-10_agents_20_test_19.yaml 3.0303e-05 0.0064548 2.1009e-05 0.00091898 0.00809496 0.000163856 279 0 5 5
random-32-32-10_agents_20_test_2.yaml 0.000106173 0.0737058 0.000247027 0.00903869 0.0844919 0.00458805 340 0 55 55
random-32-32-10_agents_20_test_3.yaml 3.7774e-05 0.00472973 6.9998e-05 0.00139045 0.00691231 0.000204201 289 0 11 11
random-32-32-10_agents_20_test_4.yaml 3.7287e-05 0.00671025 4.9563e-05 0.00144208 0.00889838 0.000466976 275 0 11 11
random-32-32-10_agents_20_test_5.yaml 3.1678e-05 0.00533397 4.9502e-05 0.00132368 0.00736498 0.000323401 258 0 11 11
random-32-32-10_agents_20_test_6.yaml 3.1719e-05 0.00552106 4.618e-05 0.00139474 0.00768903 0.000270738 319 0 11 11
random-32-32-10_agents_20_test_7.yaml 3.0958e-05 0.00563999 5.029e-05 0.00106175 0.00731917 8.8895e-05 235 0 9 9
random-32-32-10_agents_20_test_8.yaml 2.2871e-05 0.00457037 2.153e-05 0.000642723 0.00583933 4.8692e-05 232 0 5 5
random-32-32-10_agents_20_test_9.yaml 2.8447e-05 0.00348194 1.1341e-05 0.000371458 0.0044727 2.5739e-05 260 0 3 3
random-32-32-10_agents_25_test_0.yaml 8.1071e-05 0.017431 0.000228 0.00438191 0.0232268 0.000924013 323 0 29 29
random-32-32-10_agents_25_test_1.yaml 0.000194458 0.0651307 0.000799277 0.0179016 0.0865651 0.00713772 339 0 123 123
random-32-32-10_agents_25_test_10.yaml 5.0461e-05 0.00874807 0.000100188 0.00316103 0.0131096 0.000747193 364 0 19 19
random-32-32-10_agents_15_test_0.yaml 1.5249e-05 0.00554782 3.0391e-05 0.00080659 0.00673524 0.000266223 199 0 9 9
random-32-32-10_agents_15_test_1.yaml 2.2603e-05 0.00494906 1.0343e-05 0.000502181 0.00594426 3.0562e-05 228 0 3 3
random-32-32-10_agents_15_test_10.yaml 1.741e-05 0.00392805 8.082e-06 0.000272664 0.00450011 0.000284266 166 0 3 3
random-32-32-10_agents_15_test_11.yaml 2.5813e-05 0.00606479 4.0258e-05 0.00128749 0.00786444 0.000182673 270 0 11 11
random-32-32-10_agents_15_test_12.yaml 1.8314e-05 0.00575373 2.665e-05 0.000807336 0.00708051 0.000161178 221 0 7 7
random-32-32-10_agents_15_test_13.yaml 1.618e-05 0.00232169 8.015e-06 0.000268243 0.00291464 2.5117e-05 170 0 3 3
random-32-32-10_agents_15_test_14.yaml 1.9625e-05 0.00585022 9.111e-06 0.000411888 0.00664377 5.5577e-05 239 0 3 3
random-32-32-10_agents_15_test_15.yaml 2.2363e-05 0.00325021 3.1004e-05 0.000651682 0.00434052 4.7433e-05 220 0 5 5
random-32-32-10_agents_15_test_16.yaml 1.6177e-05 0.00355872 0 0.000108364 0.0040024 0 193 0 1 1
random-32-32-10_agents_15_test_17.yaml 1.7418e-05 0.00339577 8.704e-06 0.000400432 0.00422779 6.3823e-05 268 0 3 3
random-32-32-10_agents_15_test_18.yaml 1.7316e-05 0.00566693 2.0279e-05 0.000699367 0.00675704 0.000122263 184 0 7 7
random-32-32-10_agents_15_test_19.yaml 1.412e-05 0.0030922 0 9.887e-05 0.00347296 0 189 0 1 1
random-32-32-10_agents_15_test_2.yaml 1.6869e-05 0.00305916 1.0451e-05 0.000354296 0.00380192 4.8088e-05 210 0 3 3
random-32-32-10_agents_15_test_3.yaml 2.1943e-05 0.0047779 1.118e-05 0.000495957 0.00564674 5.4814e-05 181 0 3 3
random-32-32-10_agents_15_test_4.yaml 1.2262e-05 0.00261529 0 7.5863e-05 0.00291741 0 151 0 1 1
random-32-32-10_agents_15_test_5.yaml 2.5479e-05 0.00360546 1.4052e-05 0.000351783 0.00433317 8.3948e-05 181 0 3 3
random-32-32-10_agents_15_test_6.yaml 3.4693e-05 0.0147344 7.4525e-05 0.00190103 0.0172362 0.00108022 166 0 19 19
random-32-32-10_agents_15_test_7.yaml 1.781e-05 0.00379209 1.99e-05 0.000752869 0.00496228 4.7456e-05 229 0 7 7
random-32-32-10_agents_15_test_8.yaml 2.3792e-05 0.00321858 1.4975e-05 0.000595135 0.00430301 4.2561e-05 234 0 5 5
random-32-32-10_agents_15_test_9.yaml 1.6968e-05 0.00273131 7.739e-06 0.000330107 0.00339394 5.2767e-05 195 0 3 3
random-32-32-10_agents_20_test_0.yaml 0.000289254 0.0522819 0.00112364 0.0226367 0.078912 0.00807988 272 0 143 143
random-32-32-10_agents_20_test_1.yaml 2.7497e-05 0.00523482 2.7763e-05 0.000834216 0.00667971 0.000240042 261 0 5 5
random-32-32-10_agents_20_test_10.yaml 3.3609e-05 0.00855662 1.7804e-05 0.000974886 0.0103519 0.000155277 349 0 5 5
random-32-32-10_agents_20_test_11.yaml 3.1662e-05 0.00500724 2.7259e-05 0.00107514 0.00679876 0.000157539 263 0 7 7
random-32-32-10_agents_20_test_12.yaml 3.6596e-05 0.00636403 4.7646e-05 0.00191472 0.00921079 0.000261627 346 0 11 11
random-32-32-10_agents_20_test_13.yaml 3.8535e-05 0.00587428 8.4563e-05 0.00178238 0.00834796 0.000208028 240 0 17 17
random-32-32-10_agents_20_test_14.yaml 2.8669e-05 0.00446864 3.5075e-05 0.000844589 0.00594705 5.5682e-05 264 0 7 7
random-32-32-10_agents_20_test_15.yaml 3.927e-05 0.00374725 2.1157e-05 0.000593389 0.00496985 4.3164e-05 259 0 3 3
random-32-32-10_agents_20_test_16.yaml 3.0305e-05 0.0110845 6.7434e-05 0.00261457 0.0146551 0.000311494 229 0 17 17
random-32-32-10_agents_20_test_17.yaml 2.5286e-05 0.00573218 1.931e-05 0.000881391 0.00729736 0.000265515 291 0 5 5
random-32-32-10_agents_20_test_18.yaml 2.7457e-05 0.00435217 4.6727e-05 0.00101513 0.00599855 7.1764e-05 239 0 9 9
random-32-32-10_agents_20_test_19.yaml 3.102e-05 0.00655078 2.4454e-05 0.000981101 0.00828612 0.000177859 279 0 5 5
random-32-32-10_agents_20_test_2.yaml 0.000120643 0.0811909 0.000311 0.00973427 0.0929179 0.00472294 340 0 55 55
random-32-32-10_agents_20_test_3.yaml 3.7217e-05 0.00469379 6.4447e-05 0.00133682 0.00679399 0.000204569 289 0 11 11
random-32-32-10_agents_15_test_0.yaml 1.7306e-05 0.00460558 3.7354e-05 0.000873245 0.00594952 0.000279905 199 0 9 9
random-32-32-10_agents_15_test_1.yaml 1.6518e-05 0.00437918 8.777e-06 0.000362722 0.00507606 2.309e-05 228 0 3 3
random-32-32-10_agents_15_test_10.yaml 1.7026e-05 0.00387654 9.425e-06 0.00027677 0.0044617 0.000307555 166 0 3 3
random-32-32-10_agents_15_test_11.yaml 2.5879e-05 0.00597074 4.1797e-05 0.00127112 0.00773329 0.000176299 270 0 11 11
random-32-32-10_agents_15_test_12.yaml 1.8172e-05 0.00474206 2.8475e-05 0.000777531 0.00592958 0.000166101 221 0 7 7
random-32-32-10_agents_15_test_13.yaml 1.233e-05 0.00232611 1.0446e-05 0.00026271 0.00290756 2.5254e-05 170 0 3 3
random-32-32-10_agents_15_test_14.yaml 2.6156e-05 0.00645609 1.6468e-05 0.000656635 0.00760047 9.1339e-05 239 0 3 3
random-32-32-10_agents_15_test_15.yaml 2.7183e-05 0.00458589 3.6687e-05 0.000834379 0.00594612 6.9047e-05 220 0 5 5
random-32-32-10_agents_15_test_16.yaml 1.4148e-05 0.00251659 0 9.8613e-05 0.00289805 0 193 0 1 1
random-32-32-10_agents_15_test_17.yaml 1.9896e-05 0.00382707 1.1333e-05 0.000434411 0.00476321 6.7182e-05 268 0 3 3
random-32-32-10_agents_15_test_18.yaml 1.7225e-05 0.00574928 2.0257e-05 0.000707479 0.00685713 0.00012162 184 0 7 7
random-32-32-10_agents_15_test_19.yaml 1.4872e-05 0.00233349 0 9.7582e-05 0.0027048 0 189 0 1 1
random-32-32-10_agents_15_test_2.yaml 1.8935e-05 0.00305208 9.209e-06 0.00033693 0.00377176 4.793e-05 210 0 3 3
random-32-32-10_agents_15_test_3.yaml 1.6809e-05 0.00295635 9.769e-06 0.000307703 0.00356398 3.4383e-05 181 0 3 3
random-32-32-10_agents_15_test_4.yaml 1.0753e-05 0.00230888 0 7.5083e-05 0.00259861 0 151 0 1 1
random-32-32-10_agents_15_test_5.yaml 1.8772e-05 0.00231168 1.0065e-05 0.000224255 0.00280596 5.1962e-05 181 0 3 3
random-32-32-10_agents_15_test_6.yaml 2.7083e-05 0.0139289 7.5531e-05 0.0016536 0.0161227 0.000992497 166 0 19 19
random-32-32-10_agents_15_test_7.yaml 1.9758e-05 0.00377486 2.3751e-05 0.000774136 0.00498351 4.6934e-05 229 0 7 7
random-32-32-10_agents_15_test_8.yaml 2.3711e-05 0.00324844 1.423e-05 0.000598637 0.00429751 4.2423e-05 234 0 5 5
random-32-32-10_agents_15_test_9.yaml 2.4051e-05 0.00408937 1.0239e-05 0.000528706 0.00508009 8.8336e-05 195 0 3 3
random-32-32-10_agents_20_test_0.yaml 0.000205904 0.0431032 0.000739798 0.0175081 0.0635648 0.00659999 272 0 143 143
random-32-32-10_agents_20_test_1.yaml 3.5276e-05 0.00479762 4.0134e-05 0.000610484 0.00598799 0.000217426 261 0 5 5
random-32-32-10_agents_20_test_10.yaml 3.3285e-05 0.00853193 1.7471e-05 0.000988564 0.0103255 0.000156656 349 0 5 5
random-32-32-10_agents_20_test_11.yaml 3.1226e-05 0.00487709 2.5705e-05 0.00107392 0.00664881 0.00016395 263 0 7 7
random-32-32-10_agents_20_test_12.yaml 4.3208e-05 0.00799128 5.0314e-05 0.00192163 0.0108626 0.000262123 346 0 11 11
random-32-32-10_agents_20_test_13.yaml 3.7159e-05 0.00580045 6.9168e-05 0.00173769 0.00817565 0.000205377 240 0 17 17
random-32-32-10_agents_20_test_14.yaml 4.1724e-05 0.00596794 5.3603e-05 0.00142255 0.00822927 8.5009e-05 264 0 7 7
random-32-32-10_agents_20_test_15.yaml 2.5689e-05 0.00356167 9.695e-06 0.000355643 0.00438419 2.7049e-05 259 0 3 3
random-32-32-10_agents_20_test_16.yaml 3.076e-05 0.0118207 6.4032e-05 0.00256568 0.0152443 0.000302439 229 0 17 17
random-32-32-10_agents_20_test_17.yaml 2.6315e-05 0.0056164 2.4029e-05 0.000905652 0.00724941 0.000267962 291 0 5 5
random-32-32-10_agents_20_test_18.yaml 2.8582e-05 0.00454109 4.5117e-05 0.00100132 0.00618007 7.0379e-05 239 0 9 9
random-32-32-10_agents_20_test_19.yaml 3.1488e-05 0.00654508 2.0817e-05 0.000950053 0.00824836 0.000169996 279 0 5 5
random-32-32-10_agents_20_test_2.yaml 8.3971e-05 0.0707363 0.00026253 0.00865983 0.0811043 0.00440161 340 0 55 55
random-32-32-10_agents_20_test_3.yaml 3.6316e-05 0.00479318 5.9913e-05 0.00132536 0.00686489 0.000210232 289 0 11 11
random-32-32-10_agents_20_test_4.yaml 3.5672e-05 0.00666071 4.9388e-05 0.00137595 0.00880752 0.000448782 275 0 11 11
random-32-32-10_agents_20_test_5.yaml 2.8107e-05 0.00514764 4.4799e-05 0.00131536 0.00713546 0.000310277 258 0 11 11
random-32-32-10_agents_20_test_6.yaml 3.1001e-05 0.00545482 4.6696e-05 0.00141058 0.00758597 0.000269387 319 0 11 11
random-32-32-10_agents_20_test_7.yaml 3.4261e-05 0.00666818 5.1225e-05 0.00104184 0.00838204 9.023e-05 235 0 9 9
random-32-32-10_agents_20_test_8.yaml 2.2747e-05 0.00453966 2.4497e-05 0.000642038 0.00582984 5.2793e-05 232 0 5 5
random-32-32-10_agents_20_test_9.yaml 2.7573e-05 0.00345788 1.0476e-05 0.000362816 0.00430847 2.5062e-05 260 0 3 3
random-32-32-10_agents_25_test_0.yaml 6.4546e-05 0.0146998 0.000191178 0.00396761 0.0199796 0.000883368 323 0 29 29
random-32-32-10_agents_25_test_1.yaml 0.000215951 0.0657393 0.000825611 0.0180987 0.0874153 0.00710835 339 0 123 123
random-32-32-10_agents_25_test_10.yaml 5.0811e-05 0.00871708 0.000107677 0.00321205 0.0131402 0.000749239 364 0 19 19
random-32-32-10_agents_25_test_11.yaml 6.3358e-05 0.014909 0.000159457 0.00336455 0.0194917 0.00109826 325 0 25 25
random-32-32-10_agents_25_test_12.yaml 3.5364e-05 0.00771954 5.4318e-05 0.00100491 0.00959147 0.000171673 326 0 7 7
random-32-32-10_agents_25_test_13.yaml 3.8221e-05 0.0092157 4.4924e-05 0.00168275 0.0122041 0.00059902 346 0 9 9
random-32-32-10_agents_25_test_14.yaml 4.2144e-05 0.00576677 3.0892e-05 0.000913713 0.00763784 7.9516e-05 342 0 5 5
random-32-32-10_agents_25_test_15.yaml 5.7833e-05 0.0116062 0.000296982 0.0050794 0.0182138 0.000816693 294 0 35 35
random-32-32-10_agents_25_test_16.yaml 0.0173784 6.03887 0.12179 2.98533 9.58962 0.786846 312 0 17159 17159
random-32-32-10_agents_25_test_17.yaml 0.000107737 0.050266 0.000354457 0.0104129 0.0627127 0.00343644 334 0 55 55
random-32-32-10_agents_25_test_18.yaml 0.000133459 0.0308893 0.000696104 0.0177856 0.0517804 0.00283749 338 0 111 111
random-32-32-10_agents_25_test_19.yaml 3.5954e-05 0.00639452 6.1115e-05 0.00162351 0.00912761 0.000148305 337 0 9 9
random-32-32-10_agents_25_test_2.yaml 4.218e-05 0.00702805 3.1283e-05 0.0010143 0.00907997 0.000111228 378 0 5 5
random-32-32-10_agents_25_test_3.yaml 0.000174337 0.101256 0.000682229 0.0207502 0.125204 0.00560279 377 0 107 107
random-32-32-10_agents_25_test_4.yaml 4.8737e-05 0.00620563 4.0423e-05 0.00142554 0.00873372 0.000112262 420 0 7 7
random-32-32-10_agents_25_test_5.yaml 4.5538e-05 0.00708759 8.6127e-05 0.00230961 0.0105377 0.000374177 371 0 13 13
random-32-32-10_agents_25_test_6.yaml 0.00148877 0.630139 0.00987153 0.234008 0.900851 0.0393844 418 0 1243 1243
random-32-32-10_agents_25_test_7.yaml 0.000103269 0.0198154 0.000373589 0.0124345 0.0346477 0.00162045 391 0 65 65
random-32-32-10_agents_25_test_8.yaml 4.1227e-05 0.00525288 8.74e-05 0.00111234 0.00726021 7.6822e-05 277 0 9 9
random-32-32-10_agents_25_test_9.yaml 4.6744e-05 0.00461311 2.4457e-05 0.000762809 0.00622531 6.9407e-05 312 0 5 5
random-32-32-10_agents_30_test_0.yaml 0.000202436 0.0522131 0.00141932 0.0277626 0.085438 0.00601097 386 0 145 145
random-32-32-10_agents_30_test_1.yaml 0.000394061 0.0745938 0.00327606 0.0645208 0.149067 0.00341638 439 0 335 335
random-32-32-10_agents_30_test_10.yaml 6.4374e-05 0.00883217 0.000145552 0.00244429 0.012831 0.000394852 388 0 13 13
random-32-32-10_agents_30_test_11.yaml 5.9373e-05 0.00853268 0.000124429 0.00269017 0.0125435 0.000342603 387 0 15 15
random-32-32-10_agents_30_test_12.yaml 6.5953e-05 0.00800972 0.000121704 0.00199197 0.0115646 0.000100113 434 0 9 9
random-32-32-10_agents_30_test_13.yaml 6.4375e-05 0.00722881 9.2957e-05 0.00186179 0.0104889 0.000160645 414 0 9 9
random-32-32-10_agents_30_test_14.yaml 0.000851053 0.181477 0.00802884 0.141087 0.345519 0.0247907 348 0 789 789
random-32-32-10_agents_30_test_15.yaml 5.9276e-05 0.00691219 0.000115866 0.00249426 0.0114035 0.000140961 394 0 9 9
random-32-32-10_agents_30_test_16.yaml 0.000114108 0.0204012 0.000346434 0.00780379 0.0301413 0.0011865 342 0 45 45
random-32-32-10_agents_30_test_17.yaml 0.000160189 0.0336507 0.00129672 0.0252274 0.0636091 0.00133291 422 0 127 127
random-32-32-10_agents_30_test_18.yaml 7.7453e-05 0.0148772 0.000316293 0.00651776 0.0233253 0.000944606 392 0 33 33
random-32-32-10_agents_30_test_19.yaml 4.7612e-05 0.00704827 8.3166e-05 0.00160478 0.00996642 0.000196621 381 0 9 9
random-32-32-10_agents_30_test_2.yaml 0.000153943 0.0509101 0.00100843 0.0199134 0.0745504 0.00762668 360 0 119 119
random-32-32-10_agents_30_test_3.yaml 8.777e-05 0.0216154 0.00031613 0.00725439 0.0309929 0.0029185 383 0 37 37
random-32-32-10_agents_30_test_4.yaml 0.00735048 2.24003 0.0682152 1.22248 3.6792 0.107029 480 0 5929 5929
random-32-32-10_agents_30_test_5.yaml 7.577e-05 0.0109531 0.000103741 0.0023923 0.0148858 0.000299515 389 0 11 11
random-32-32-10_agents_30_test_6.yaml 6.5706e-05 0.0072598 6.2139e-05 0.00140352 0.00988303 8.2873e-05 458 0 7 7
random-32-32-10_agents_30_test_7.yaml 5.9036e-05 0.0084719 0.000118896 0.00249038 0.0125229 0.000385493 362 0 13 13
random-32-32-10_agents_30_test_8.yaml 6.3623e-05 0.00912747 0.000133759 0.00299019 0.0136227 0.000306215 403 0 15 15
random-32-32-10_agents_30_test_9.yaml 0.000378864 0.228453 0.00230381 0.0482504 0.285543 0.0220441 363 0 269 269
random-32-32-10_agents_35_test_0.yaml 0.000117302 0.0192184 0.000949007 0.0124376 0.0350113 0.000610529 439 0 57 57
random-32-32-10_agents_35_test_1.yaml -1 -1 -1 -1 -1 -1 -1 -1 -1 -1
random-32-32-10_agents_35_test_10.yaml 0.000102842 0.0179832 0.000478017 0.00656455 0.0270844 0.000785694 481 0 29 29
random-32-32-10_agents_35_test_11.yaml 0.00265001 0.992245 0.0290609 0.481458 1.55457 0.138129 461 0 2161 2161
random-32-32-10_agents_35_test_12.yaml 0.000161301 0.0407171 0.00186832 0.0275261 0.0740969 0.00175446 492 0 113 113
random-32-32-10_agents_35_test_13.yaml 6.7426e-05 0.00572189 3.3481e-05 0.000594761 0.0075353 2.9063e-05 386 0 3 3
random-32-32-10_agents_35_test_14.yaml 0.000111817 0.0189021 0.000305625 0.00474351 0.0260985 0.00162192 499 0 19 19
random-32-32-10_agents_35_test_15.yaml 0.000585432 0.164452 0.00871506 0.110108 0.295917 0.0148063 452 0 521 521
random-32-32-10_agents_35_test_16.yaml 0.0060499 1.53361 0.0783381 0.876733 2.58858 0.155659 423 0 3905 3905
random-32-32-10_agents_35_test_17.yaml 0.000352495 0.090129 0.00437044 0.0504115 0.151205 0.00691672 418 0 251 251
random-32-32-10_agents_35_test_18.yaml 0.0046331 1.64696 0.128218 1.3263 3.2594 0.1109 449 0 6207 6207
random-32-32-10_agents_35_test_19.yaml 0.000107168 0.0140024 0.000637262 0.00758823 0.0241677 0.00085155 402 0 39 39
random-32-32-10_agents_35_test_2.yaml 9.8852e-05 0.0110494 0.000217863 0.00561602 0.018705 0.000338661 485 0 21 21
random-32-32-10_agents_35_test_3.yaml 0.000337216 0.0775967 0.00556497 0.0625817 0.152524 0.00524023 464 0 291 291
random-32-32-10_agents_35_test_4.yaml 9.8427e-05 0.0129498 0.00038886 0.00540501 0.0209104 0.000512281 457 0 23 23
random-32-32-10_agents_35_test_5.yaml -1 -1 -1 -1 -1 -1 -1 -1 -1 -1
random-32-32-10_agents_35_test_6.yaml 7.8845e-05 0.00776058 0.000150821 0.00268883 0.012278 0.000134626 412 0 13 13
random-32-32-10_agents_35_test_7.yaml 0.00010294 0.0133184 0.000312724 0.00465012 0.0201767 0.000345798 477 0 21 21
random-32-32-10_agents_35_test_8.yaml 0.00073692 0.157719 0.00955515 0.122773 0.303584 0.00662423 450 0 555 555
random-32-32-10_agents_35_test_9.yaml 8.4126e-05 0.0146279 0.000343601 0.00607977 0.0230709 0.000317614 483 0 25 25
random-32-32-10_agents_40_test_0.yaml 0.000120949 0.0115499 0.000166505 0.00470638 0.0189883 0.000325793 544 0 15 15
random-32-32-10_agents_40_test_1.yaml 0.00153769 0.385075 0.0247617 0.26414 0.703142 0.0440586 532 0 1119 1119
random-32-32-10_agents_40_test_10.yaml 0.00241207 0.896239 0.0280355 0.362285 1.32567 0.0704612 522 0 1373 1373
random-32-32-10_agents_40_test_11.yaml 0.00032743 0.0565895 0.00415616 0.0429739 0.109347 0.0034632 504 0 175 175
random-32-32-10_agents_40_test_12.yaml 0.00122575 0.350889 0.0237334 0.214224 0.614692 0.0195519 463 0 957 957
random-32-32-10_agents_40_test_13.yaml 0.000586803 0.133892 0.00949886 0.101854 0.255769 0.0120891 533 0 395 395
random-32-32-10_agents_40_test_14.yaml -1 -1 -1 -1 -1 -1 -1 -1 -1 -1
random-32-32-10_agents_40_test_15.yaml 0.000807363 0.146788 0.009359 0.15616 0.325812 0.0120478 590 0 471 471
random-32-32-10_agents_40_test_16.yaml 0.00150888 0.476933 0.0242248 0.223463 0.7485 0.0234332 528 0 915 915
random-32-32-10_agents_40_test_17.yaml 0.00215009 0.552976 0.0480719 0.406029 1.05248 0.0408578 484 0 1797 1797
random-32-32-10_agents_40_test_18.yaml 0.000673896 0.132102 0.0142259 0.130365 0.290561 0.00620981 466 0 601 601
random-32-32-10_agents_40_test_19.yaml 0.000790037 0.149016 0.0122743 0.115099 0.288905 0.00723948 552 0 471 471
random-32-32-10_agents_40_test_2.yaml -1 -1 -1 -1 -1 -1 -1 -1 -1 -1
random-32-32-10_agents_40_test_3.yaml 0.000139504 0.0161978 0.000794961 0.00735415 0.0268121 0.000563023 543 0 31 31
random-32-32-10_agents_40_test_4.yaml 0.0477875 9.73968 0.941473 8.18966 19.8955 0.839417 510 0 34179 34179
random-32-32-10_agents_40_test_5.yaml 0.000102335 0.010549 0.000213305 0.00285368 0.0161072 0.000246509 493 0 11 11
random-32-32-10_agents_40_test_6.yaml 0.000674913 0.137933 0.0114881 0.117257 0.280966 0.0116085 557 0 467 467
random-32-32-10_agents_40_test_7.yaml 0.00255847 0.409939 0.0433878 0.406491 0.902943 0.0258761 504 0 1697 1697
random-32-32-10_agents_40_test_8.yaml 0.00330203 0.828023 0.0627363 0.58732 1.54077 0.0653915 495 0 2409 2409
random-32-32-10_agents_40_test_9.yaml 0.000415148 0.0815958 0.00763699 0.0776432 0.17593 0.00474748 485 0 345 345
random-32-32-10_agents_45_test_0.yaml 0.000885694 0.167658 0.0106499 0.194723 0.389884 0.0104049 570 0 559 559
random-32-32-10_agents_45_test_1.yaml -1 -1 -1 -1 -1 -1 -1 -1 -1 -1
random-32-32-10_agents_45_test_10.yaml 0.000142354 0.0141136 0.000393119 0.00741397 0.0251277 0.00067695 520 0 23 23
random-32-32-10_agents_45_test_11.yaml 0.000348491 0.0501121 0.00552012 0.0411756 0.104112 0.00265045 532 0 177 177
random-32-32-10_agents_45_test_12.yaml -1 -1 -1 -1 -1 -1 -1 -1 -1 -1
random-32-32-10_agents_45_test_13.yaml -1 -1 -1 -1 -1 -1 -1 -1 -1 -1
random-32-32-10_agents_45_test_14.yaml -1 -1 -1 -1 -1 -1 -1 -1 -1 -1
random-32-32-10_agents_45_test_15.yaml -1 -1 -1 -1 -1 -1 -1 -1 -1 -1
random-32-32-10_agents_45_test_16.yaml -1 -1 -1 -1 -1 -1 -1 -1 -1 -1
random-32-32-10_agents_45_test_17.yaml 0.00105504 0.241962 0.0171095 0.26272 0.544499 0.0248545 633 0 727 727
random-32-32-10_agents_45_test_18.yaml 0.000655742 0.128997 0.0132035 0.109615 0.265949 0.00705675 541 0 441 441
random-32-32-10_agents_45_test_19.yaml 0.00422543 1.19054 0.069338 0.973913 2.31547 0.124659 573 0 2819 2819
random-32-32-10_agents_45_test_2.yaml -1 -1 -1 -1 -1 -1 -1 -1 -1 -1
random-32-32-10_agents_45_test_3.yaml 0.000375829 0.0505425 0.00341065 0.0600494 0.120784 0.00250314 547 0 177 177
random-32-32-10_agents_45_test_4.yaml -1 -1 -1 -1 -1 -1 -1 -1 -1 -1
random-32-32-10_agents_45_test_5.yaml 0.000529956 0.111057 0.00849918 0.134486 0.266692 0.00539508 547 0 401 401
random-32-32-10_agents_45_test_6.yaml 0.000166312 0.0249825 0.000842975 0.0184438 0.0484991 0.00221113 608 0 53 53
random-32-32-10_agents_45_test_7.yaml 0.00374602 0.765997 0.0839901 0.639087 1.56141 0.0502547 515 0 2603 2603
random-32-32-10_agents_45_test_8.yaml 0.0416684 12.3635 0.599757 6.59646 20.2684 1.58206 580 0 19769 19769
random-32-32-10_agents_45_test_9.yaml 0.000154944 0.0155655 0.000824118 0.00844867 0.0278511 0.000340719 556 0 33 33
random-32-32-10_agents_50_test_0.yaml 0.0385371 8.33785 0.69183 9.42611 19.3307 0.739116 589 0 27839 27839
random-32-32-10_agents_50_test_1.yaml 0.0184425 4.13243 0.326453 3.94512 8.76304 0.427561 586 0 11377 11377
random-32-32-10_agents_50_test_10.yaml -1 -1 -1 -1 -1 -1 -1 -1 -1 -1
random-32-32-10_agents_50_test_11.yaml 0.000229162 0.0151599 0.00074426 0.00753528 0.0271373 0.000775504 679 0 23 23
random-32-32-10_agents_50_test_12.yaml -1 -1 -1 -1 -1 -1 -1 -1 -1 -1
random-32-32-10_agents_50_test_13.yaml -1 -1 -1 -1 -1 -1 -1 -1 -1 -1
random-32-32-10_agents_50_test_14.yaml -1 -1 -1 -1 -1 -1 -1 -1 -1 -1
random-32-32-10_agents_50_test_15.yaml -1 -1 -1 -1 -1 -1 -1 -1 -1 -1
random-32-32-10_agents_50_test_16.yaml 0.0208057 4.71345 0.365434 5.28666 10.7967 0.50297 756 0 12937 12937
random-32-32-10_agents_50_test_17.yaml 0.00022564 0.0243913 0.00157185 0.0180211 0.0489989 0.00169429 760 0 49 49
random-32-32-10_agents_50_test_18.yaml 0.000534379 0.123694 0.00805269 0.0943583 0.237642 0.0153328 751 0 245 245
random-32-32-10_agents_50_test_19.yaml 0.000210988 0.0244489 0.000906983 0.0137628 0.0438717 0.00186368 683 0 37 37
random-32-32-10_agents_50_test_2.yaml -1 -1 -1 -1 -1 -1 -1 -1 -1 -1
random-32-32-10_agents_50_test_3.yaml -1 -1 -1 -1 -1 -1 -1 -1 -1 -1
random-32-32-10_agents_50_test_4.yaml -1 -1 -1 -1 -1 -1 -1 -1 -1 -1
random-32-32-10_agents_50_test_5.yaml -1 -1 -1 -1 -1 -1 -1 -1 -1 -1
random-32-32-10_agents_50_test_6.yaml 0.00333916 0.694799 0.0546747 0.909391 1.72834 0.0617567 666 0 2187 2187
random-32-32-10_agents_50_test_7.yaml -1 -1 -1 -1 -1 -1 -1 -1 -1 -1
random-32-32-10_agents_50_test_8.yaml 0.000287874 0.0358534 0.00153905 0.0310199 0.075228 0.00140025 818 0 67 67
random-32-32-10_agents_50_test_9.yaml -1 -1 -1 -1 -1 -1 -1 -1 -1 -1
random-32-32-10_agents_55_test_0.yaml -1 -1 -1 -1 -1 -1 -1 -1 -1 -1
random-32-32-10_agents_55_test_1.yaml -1 -1 -1 -1 -1 -1 -1 -1 -1 -1
random-32-32-10_agents_55_test_10.yaml -1 -1 -1 -1 -1 -1 -1 -1 -1 -1
random-32-32-10_agents_55_test_11.yaml -1 -1 -1 -1 -1 -1 -1 -1 -1 -1
random-32-32-10_agents_55_test_12.yaml -1 -1 -1 -1 -1 -1 -1 -1 -1 -1
random-32-32-10_agents_55_test_13.yaml -1 -1 -1 -1 -1 -1 -1 -1 -1 -1
random-32-32-10_agents_55_test_14.yaml -1 -1 -1 -1 -1 -1 -1 -1 -1 -1
random-32-32-10_agents_55_test_15.yaml -1 -1 -1 -1 -1 -1 -1 -1 -1 -1
random-32-32-10_agents_55_test_16.yaml -1 -1 -1 -1 -1 -1 -1 -1 -1 -1
random-32-32-10_agents_55_test_17.yaml -1 -1 -1 -1 -1 -1 -1 -1 -1 -1
random-32-32-10_agents_55_test_18.yaml 0.00123263 0.291089 0.0263938 0.267013 0.609919 0.0373415 665 0 723 723
random-32-32-10_agents_55_test_19.yaml -1 -1 -1 -1 -1 -1 -1 -1 -1 -1
random-32-32-10_agents_55_test_2.yaml -1 -1 -1 -1 -1 -1 -1 -1 -1 -1
random-32-32-10_agents_55_test_3.yaml -1 -1 -1 -1 -1 -1 -1 -1 -1 -1
random-32-32-10_agents_55_test_4.yaml -1 -1 -1 -1 -1 -1 -1 -1 -1 -1
random-32-32-10_agents_55_test_5.yaml -1 -1 -1 -1 -1 -1 -1 -1 -1 -1
random-32-32-10_agents_55_test_6.yaml -1 -1 -1 -1 -1 -1 -1 -1 -1 -1
random-32-32-10_agents_55_test_7.yaml 0.000640718 0.113168 0.00898994 0.095184 0.229608 0.00589271 824 0 211 211
random-32-32-10_agents_55_test_8.yaml 0.0176814 4.28242 0.419229 4.46495 9.50625 0.499344 774 0 10523 10523
random-32-32-10_agents_55_test_9.yaml -1 -1 -1 -1 -1 -1 -1 -1 -1 -1
random-32-32-10_agents_60_test_0.yaml -1 -1 -1 -1 -1 -1 -1 -1 -1 -1
random-32-32-10_agents_60_test_1.yaml -1 -1 -1 -1 -1 -1 -1 -1 -1 -1
random-32-32-10_agents_60_test_10.yaml -1 -1 -1 -1 -1 -1 -1 -1 -1 -1
random-32-32-10_agents_60_test_11.yaml -1 -1 -1 -1 -1 -1 -1 -1 -1 -1
random-32-32-10_agents_60_test_12.yaml -1 -1 -1 -1 -1 -1 -1 -1 -1 -1
random-32-32-10_agents_60_test_13.yaml 0.000389635 0.0322686 0.00222189 0.0232516 0.0645098 0.000824921 908 0 53 53
random-32-32-10_agents_60_test_14.yaml -1 -1 -1 -1 -1 -1 -1 -1 -1 -1
random-32-32-10_agents_60_test_15.yaml -1 -1 -1 -1 -1 -1 -1 -1 -1 -1
random-32-32-10_agents_60_test_16.yaml -1 -1 -1 -1 -1 -1 -1 -1 -1 -1
random-32-32-10_agents_60_test_17.yaml -1 -1 -1 -1 -1 -1 -1 -1 -1 -1
random-32-32-10_agents_60_test_18.yaml -1 -1 -1 -1 -1 -1 -1 -1 -1 -1
random-32-32-10_agents_60_test_19.yaml -1 -1 -1 -1 -1 -1 -1 -1 -1 -1
random-32-32-10_agents_60_test_2.yaml -1 -1 -1 -1 -1 -1 -1 -1 -1 -1
random-32-32-10_agents_60_test_3.yaml -1 -1 -1 -1 -1 -1 -1 -1 -1 -1
random-32-32-10_agents_60_test_4.yaml -1 -1 -1 -1 -1 -1 -1 -1 -1 -1
random-32-32-10_agents_60_test_5.yaml -1 -1 -1 -1 -1 -1 -1 -1 -1 -1
random-32-32-10_agents_60_test_6.yaml -1 -1 -1 -1 -1 -1 -1 -1 -1 -1
random-32-32-10_agents_60_test_7.yaml -1 -1 -1 -1 -1 -1 -1 -1 -1 -1
random-32-32-10_agents_60_test_8.yaml -1 -1 -1 -1 -1 -1 -1 -1 -1 -1
random-32-32-10_agents_60_test_9.yaml -1 -1 -1 -1 -1 -1 -1 -1 -1 -1
den312d_agents_15_test_0.yaml 2.9747e-05 0.022688 4.1612e-05 0.00426405 0.0280582 0.00105525 577 0 13 13
den312d_agents_15_test_1.yaml 1.8527e-05 0.00744344 0 0.000281742 0.00849558 0 586 0 1 1
den312d_agents_15_test_10.yaml 3.9707e-05 0.019229 8.9835e-05 0.0066606 0.027143 0.00145411 532 0 29 29
den312d_agents_15_test_11.yaml 2.0087e-05 0.0225505 2.2491e-05 0.00194688 0.0253342 0.000322829 508 0 7 7
den312d_agents_15_test_12.yaml 1.1149e-05 0.00620038 0 0.000194618 0.00686257 0 331 0 1 1
den312d_agents_15_test_13.yaml 4.6725e-05 0.0692387 6.4768e-05 0.00548413 0.0760235 0.00742134 555 0 17 17
den312d_agents_15_test_14.yaml 2.2717e-05 0.0492446 2.5844e-05 0.00189177 0.0520261 0.00604145 529 0 7 7
den312d_agents_15_test_15.yaml 0.00266305 2.43897 0.0128079 0.574105 3.07994 0.351632 546 0 2525 2525
den312d_agents_15_test_16.yaml 2.2823e-05 0.0124438 2.171e-05 0.00160821 0.014794 0.000402508 590 0 7 7
den312d_agents_15_test_17.yaml 0.000115509 0.303806 0.000200365 0.0146698 0.3205 0.0408524 578 0 41 41
den312d_agents_15_test_18.yaml 1.8189e-05 0.00975713 8.006e-06 0.000759653 0.0113478 0.000189406 584 0 3 3
den312d_agents_15_test_19.yaml 2.2501e-05 0.00976108 1.6635e-05 0.00116091 0.0117275 0.000225635 487 0 5 5
den312d_agents_15_test_2.yaml 2.6072e-05 0.0203122 4.7168e-05 0.00358415 0.0249653 0.00113401 502 0 13 13
den312d_agents_15_test_3.yaml 1.5855e-05 0.0071672 0 0.00027572 0.00827088 0 487 0 1 1
den312d_agents_15_test_4.yaml -1 -1 -1 -1 -1 -1 -1 -1 -1 -1
den312d_agents_15_test_5.yaml -1 -1 -1 -1 -1 -1 -1 -1 -1 -1
den312d_agents_15_test_6.yaml 2.1059e-05 0.0101292 2.2294e-05 0.00161275 0.0124517 0.000283347 631 0 7 7
den312d_agents_15_test_7.yaml 2.016e-05 0.0127901 2.3585e-05 0.00206697 0.0158161 0.000645729 517 0 7 7
den312d_agents_15_test_8.yaml 6.5856e-05 0.0586174 0.00015807 0.0108662 0.0712177 0.00744903 552 0 41 41
den312d_agents_15_test_9.yaml 3.4636e-05 0.0272752 6.4916e-05 0.00464413 0.0329207 0.00156401 601 0 19 19
den312d_agents_20_test_0.yaml 0.00125933 1.81587 0.00726242 0.328642 2.17548 0.125602 791 0 885 885
den312d_agents_20_test_1.yaml 0.000143809 0.289612 0.000682441 0.035435 0.329517 0.0394528 677 0 83 83
den312d_agents_20_test_10.yaml 3.464e-05 0.0231262 2.6286e-05 0.00262509 0.0272107 0.000391667 716 0 7 7
den312d_agents_20_test_11.yaml 0.000132265 0.34663 0.000372959 0.0215429 0.37117 0.0179308 739 0 37 37
den312d_agents_20_test_12.yaml 3.5877e-05 0.0158401 4.4528e-05 0.00310213 0.0204038 0.000700383 668 0 9 9
den312d_agents_20_test_13.yaml 2.9442e-05 0.0157398 2.7197e-05 0.00248738 0.0199124 0.000410581 706 0 7 7
den312d_agents_20_test_14.yaml -1 -1 -1 -1 -1 -1 -1 -1 -1 -1
den312d_agents_20_test_15.yaml 2.9076e-05 0.00992033 1.0252e-05 0.000762779 0.0117698 0.000192646 600 0 3 3
den312d_agents_20_test_16.yaml 5.2055e-05 0.0522886 8.979e-05 0.00899091 0.0632762 0.00215374 859 0 21 21
den312d_agents_20_test_17.yaml 3.3601e-05 0.012643 3.5495e-05 0.00313422 0.0174573 0.000320671 662 0 9 9
den312d_agents_20_test_18.yaml 5.6716e-05 0.0404439 0.000164953 0.0124181 0.0550218 0.00402651 759 0 35 35
den312d_agents_20_test_19.yaml 0.0033818 3.58099 0.0304483 0.922892 4.60229 0.521767 850 0 2143 2143
den312d_agents_20_test_2.yaml 0.000466141 0.303307 0.00342145 0.137836 0.453979 0.0301812 975 0 303 303
den312d_agents_20_test_3.yaml -1 -1 -1 -1 -1 -1 -1 -1 -1 -1
den312d_agents_20_test_4.yaml 0.0012274 2.47403 0.00528432 0.317202 2.81753 0.0802056 951 0 573 573
den312d_agents_20_test_5.yaml 3.8109e-05 0.0110948 1.1214e-05 0.00112624 0.0137083 0.00011973 789 0 3 3
den312d_agents_20_test_6.yaml -1 -1 -1 -1 -1 -1 -1 -1 -1 -1
den312d_agents_20_test_7.yaml 0.000116883 0.230422 0.000360709 0.0314766 0.265353 0.0156481 775 0 65 65
den312d_agents_20_test_8.yaml 0.000311051 0.273178 0.00180916 0.0858893 0.367206 0.0366366 794 0 199 199
den312d_agents_20_test_9.yaml 2.6976e-05 0.0208185 2.9071e-05 0.00243353 0.0248081 0.000219344 576 0 7 7
den312d_agents_25_test_0.yaml 0.000197022 0.168737 0.00125329 0.0644766 0.240852 0.0147521 956 0 133 133
den312d_agents_25_test_1.yaml -1 -1 -1 -1 -1 -1 -1 -1 -1 -1
den312d_agents_25_test_10.yaml 7.6436e-05 0.0425677 0.000211095 0.0162489 0.0619896 0.00117684 983 0 37 37
den312d_agents_25_test_11.yaml 3.7589e-05 0.0159895 4.3665e-05 0.00383542 0.0226472 0.00072066 743 0 9 9
den312d_agents_25_test_12.yaml 6.5127e-05 0.0285775 9.8969e-05 0.00758878 0.0388623 0.000758421 1014 0 17 17
den312d_agents_25_test_13.yaml 0.00337975 5.31817 0.0226091 1.01884 6.45652 0.326167 1140 0 1767 1767
den312d_agents_25_test_14.yaml 0.0036852 2.51168 0.0292967 1.06487 3.71595 0.168754 832 0 2581 2581
den312d_agents_25_test_15.yaml 0.00216909 2.36834 0.0163579 1.09654 3.57091 0.126454 967 0 2187 2187
den312d_agents_25_test_16.yaml 4.679e-05 0.0162082 5.2204e-05 0.00450496 0.0229726 0.000284088 881 0 11 11
den312d_agents_25_test_17.yaml -1 -1 -1 -1 -1 -1 -1 -1 -1 -1
den312d_agents_25_test_18.yaml 0.00108836 2.9789 0.0033049 0.183179 3.18133 0.358663 725 0 375 375
den312d_agents_25_test_19.yaml 0.00247492 2.48272 0.0204699 0.794672 3.37505 0.3037 858 0 1947 1947
den312d_agents_25_test_2.yaml 6.0001e-05 0.026113 7.9961e-05 0.00724671 0.0362119 0.00111448 1166 0 15 15
den312d_agents_25_test_3.yaml 0.000175873 0.110937 0.00101171 0.0543969 0.171975 0.0139096 738 0 127 127
den312d_agents_25_test_4.yaml -1 -1 -1 -1 -1 -1 -1 -1 -1 -1
den312d_agents_25_test_5.yaml 0.000104831 0.0631046 0.000340154 0.0236276 0.090485 0.00568905 940 0 53 53
den312d_agents_25_test_6.yaml -1 -1 -1 -1 -1 -1 -1 -1 -1 -1
den312d_agents_25_test_7.yaml 7.4405e-05 0.0498141 0.000124015 0.0108948 0.0644035 0.00078184 829 0 15 15
den312d_agents_25_test_8.yaml 8.3351e-05 0.0400533 0.000175012 0.016481 0.0607256 0.00118369 994 0 27 27
den312d_agents_25_test_9.yaml 0.000123114 0.0577485 0.000166869 0.0123267 0.0735412 0.00149268 1041 0 17 17
den312d_agents_30_test_0.yaml -1 -1 -1 -1 -1 -1 -1 -1 -1 -1
den312d_agents_30_test_1.yaml 0.000134659 0.0844255 0.000569242 0.034434 0.125521 0.00295417 973 0 53 53
den312d_agents_30_test_10.yaml 0.000277877 0.126062 0.00118962 0.0721492 0.206634 0.00488624 1117 0 105 105
den312d_agents_30_test_11.yaml -1 -1 -1 -1 -1 -1 -1 -1 -1 -1
den312d_agents_30_test_12.yaml 0.00401958 4.06295 0.0190414 1.03401 5.18885 0.582859 1114 0 1489 1489
den312d_agents_30_test_13.yaml 0.000364121 0.26643 0.00264812 0.135489 0.415403 0.0127069 1249 0 157 157
den312d_agents_30_test_14.yaml 0.000155649 0.0729714 0.000343824 0.0226119 0.100667 0.00384844 1234 0 23 23
den312d_agents_30_test_15.yaml 0.00123298 1.52703 0.00760379 0.396443 1.95947 0.117497 1416 0 439 439
den312d_agents_30_test_16.yaml 0.00262614 1.35147 0.0218254 0.80428 2.23497 0.229401 1119 0 1035 1035
den312d_agents_30_test_17.yaml 0.000121181 0.0455949 0.000145722 0.0123725 0.0630435 0.00125161 1305 0 13 13
den312d_agents_30_test_18.yaml 0.0165751 11.0714 0.19563 6.15606 17.8948 1.49704 1199 0 9031 9031
den312d_agents_30_test_19.yaml 9.9714e-05 0.0907617 0.000161821 0.0103288 0.105622 0.00130208 950 0 15 15
den312d_agents_30_test_2.yaml 0.000190869 0.0527662 0.00015196 0.0126629 0.0704783 0.000457876 1026 0 11 11
den312d_agents_30_test_3.yaml 0.00674632 5.88993 0.123243 2.66974 8.83788 0.627986 1167 0 2895 2895
den312d_agents_30_test_4.yaml -1 -1 -1 -1 -1 -1 -1 -1 -1 -1
den312d_agents_30_test_5.yaml -1 -1 -1 -1 -1 -1 -1 -1 -1 -1
den312d_agents_30_test_6.yaml 0.000298802 0.332196 0.00180617 0.112597 0.455912 0.024294 999 0 157 157
den312d_agents_30_test_7.yaml 0.00143918 2.4032 0.00634912 0.443382 2.88153 0.239872 958 0 655 655
den312d_agents_30_test_8.yaml 0.00022974 0.125243 0.000910982 0.0617234 0.194518 0.00450484 1105 0 89 89
den312d_agents_30_test_9.yaml 0.00106972 0.891816 0.0109322 0.450229 1.38337 0.122393 1386 0 517 517
den312d_agents_35_test_0.yaml -1 -1 -1 -1 -1 -1 -1 -1 -1 -1
den312d_agents_35_test_1.yaml 0.000153198 0.0782255 0.000189364 0.0162612 0.101338 0.00168708 1507 0 17 17
den312d_agents_35_test_10.yaml -1 -1 -1 -1 -1 -1 -1 -1 -1 -1
den312d_agents_35_test_11.yaml 0.000156977 0.0715018 0.000408728 0.0302754 0.108469 0.00179335 1289 0 35 35
den312d_agents_35_test_12.yaml 0.000144612 0.11173 0.000285214 0.0239725 0.143322 0.0045168 1372 0 25 25
den312d_agents_35_test_13.yaml 0.00192207 1.155 0.0208304 0.911674 2.13508 0.154013 1297 0 1031 1031
den312d_agents_35_test_14.yaml 0.000864428 0.644308 0.00967388 0.443306 1.12169 0.0665985 1312 0 509 509
den312d_agents_35_test_15.yaml 0.000324884 0.185534 0.00254741 0.143925 0.342878 0.0110856 1339 0 153 153
den312d_agents_35_test_16.yaml -1 -1 -1 -1 -1 -1 -1 -1 -1 -1
den312d_agents_35_test_17.yaml 0.00333776 1.96352 0.0325906 1.26696 3.32985 0.161236 1208 0 1509 1509
den312d_agents_35_test_18.yaml -1 -1 -1 -1 -1 -1 -1 -1 -1 -1
den312d_agents_35_test_19.yaml -1 -1 -1 -1 -1 -1 -1 -1 -1 -1
den312d_agents_35_test_2.yaml 0.00496599 3.52513 0.0652041 2.34394 6.05624 0.454784 1359 0 2313 2313
den312d_agents_35_test_3.yaml -1 -1 -1 -1 -1 -1 -1 -1 -1 -1
den312d_agents_35_test_4.yaml -1 -1 -1 -1 -1 -1 -1 -1 -1 -1
den312d_agents_35_test_5.yaml -1 -1 -1 -1 -1 -1 -1 -1 -1 -1
den312d_agents_35_test_6.yaml -1 -1 -1 -1 -1 -1 -1 -1 -1 -1
den312d_agents_35_test_7.yaml 0.000160284 0.0807054 0.000246538 0.0185104 0.106127 0.00198227 1221 0 21 21
den312d_agents_35_test_8.yaml 0.00750825 7.00753 0.105439 3.33489 10.6273 0.671984 1355 0 3505 3505
den312d_agents_35_test_9.yaml -1 -1 -1 -1 -1 -1 -1 -1 -1 -1
den312d_agents_40_test_0.yaml -1 -1 -1 -1 -1 -1 -1 -1 -1 -1
den312d_agents_40_test_1.yaml -1 -1 -1 -1 -1 -1 -1 -1 -1 -1
den312d_agents_40_test_10.yaml 0.0106327 9.83148 0.225312 5.35499 15.6611 0.961019 1638 0 4039 4039
den312d_agents_40_test_11.yaml -1 -1 -1 -1 -1 -1 -1 -1 -1 -1
den312d_agents_40_test_12.yaml -1 -1 -1 -1 -1 -1 -1 -1 -1 -1
den312d_agents_40_test_13.yaml -1 -1 -1 -1 -1 -1 -1 -1 -1 -1
den312d_agents_40_test_14.yaml -1 -1 -1 -1 -1 -1 -1 -1 -1 -1
den312d_agents_40_test_15.yaml 0.000179493 0.0475984 0.000262108 0.0121577 0.0685495 0.00171551 1366 0 13 13
den312d_agents_40_test_16.yaml -1 -1 -1 -1 -1 -1 -1 -1 -1 -1
den312d_agents_40_test_17.yaml -1 -1 -1 -1 -1 -1 -1 -1 -1 -1
den312d_agents_40_test_18.yaml -1 -1 -1 -1 -1 -1 -1 -1 -1 -1
den312d_agents_40_test_19.yaml -1 -1 -1 -1 -1 -1 -1 -1 -1 -1
den312d_agents_40_test_2.yaml -1 -1 -1 -1 -1 -1 -1 -1 -1 -1
den312d_agents_40_test_3.yaml -1 -1 -1 -1 -1 -1 -1 -1 -1 -1
den312d_agents_40_test_4.yaml 0.000291738 0.122436 0.000894873 0.0522635 0.186407 0.00898815 1431 0 51 51
den312d_agents_40_test_5.yaml -1 -1 -1 -1 -1 -1 -1 -1 -1 -1
den312d_agents_40_test_6.yaml -1 -1 -1 -1 -1 -1 -1 -1 -1 -1
den312d_agents_40_test_7.yaml -1 -1 -1 -1 -1 -1 -1 -1 -1 -1
den312d_agents_40_test_8.yaml 0.000215004 0.0610185 0.00047048 0.0318545 0.100408 0.00569629 1498 0 37 37
den312d_agents_40_test_9.yaml -1 -1 -1 -1 -1 -1 -1 -1 -1 -1
den312d_agents_45_test_0.yaml -1 -1 -1 -1 -1 -1 -1 -1 -1 -1
den312d_agents_45_test_1.yaml -1 -1 -1 -1 -1 -1 -1 -1 -1 -1
den312d_agents_45_test_10.yaml -1 -1 -1 -1 -1 -1 -1 -1 -1 -1
den312d_agents_45_test_11.yaml -1 -1 -1 -1 -1 -1 -1 -1 -1 -1
den312d_agents_45_test_12.yaml -1 -1 -1 -1 -1 -1 -1 -1 -1 -1
den312d_agents_45_test_13.yaml -1 -1 -1 -1 -1 -1 -1 -1 -1 -1
den312d_agents_45_test_14.yaml 0.0115745 7.45999 0.170755 5.89875 13.7954 0.445303 1620 0 5221 5221
den312d_agents_45_test_15.yaml -1 -1 -1 -1 -1 -1 -1 -1 -1 -1
den312d_agents_45_test_16.yaml -1 -1 -1 -1 -1 -1 -1 -1 -1 -1
den312d_agents_45_test_17.yaml 0.000462658 0.237669 0.00544825 0.16422 0.424276 0.0114704 1834 0 137 137
den312d_agents_45_test_18.yaml -1 -1 -1 -1 -1 -1 -1 -1 -1 -1
den312d_agents_45_test_19.yaml 0.01425 10.6886 0.515291 8.98917 20.6185 0.612371 1880 0 7023 7023
den312d_agents_45_test_2.yaml 0.000190937 0.0730068 0.000706144 0.0270644 0.113892 0.00502178 1515 0 27 27
den312d_agents_45_test_3.yaml -1 -1 -1 -1 -1 -1 -1 -1 -1 -1
den312d_agents_45_test_4.yaml -1 -1 -1 -1 -1 -1 -1 -1 -1 -1
den312d_agents_45_test_5.yaml -1 -1 -1 -1 -1 -1 -1 -1 -1 -1
den312d_agents_45_test_6.yaml -1 -1 -1 -1 -1 -1 -1 -1 -1 -1
den312d_agents_45_test_7.yaml 0.0190551 11.1305 0.365685 9.47999 21.4314 0.665697 1822 0 7617 7617
den312d_agents_45_test_8.yaml -1 -1 -1 -1 -1 -1 -1 -1 -1 -1
den312d_agents_45_test_9.yaml -1 -1 -1 -1 -1 -1 -1 -1 -1 -1
den312d_agents_50_test_0.yaml -1 -1 -1 -1 -1 -1 -1 -1 -1 -1
den312d_agents_50_test_1.yaml -1 -1 -1 -1 -1 -1 -1 -1 -1 -1
den312d_agents_50_test_10.yaml -1 -1 -1 -1 -1 -1 -1 -1 -1 -1
den312d_agents_50_test_11.yaml -1 -1 -1 -1 -1 -1 -1 -1 -1 -1
den312d_agents_50_test_12.yaml -1 -1 -1 -1 -1 -1 -1 -1 -1 -1
den312d_agents_50_test_13.yaml -1 -1 -1 -1 -1 -1 -1 -1 -1 -1
den312d_agents_50_test_14.yaml -1 -1 -1 -1 -1 -1 -1 -1 -1 -1
den312d_agents_50_test_15.yaml -1 -1 -1 -1 -1 -1 -1 -1 -1 -1
den312d_agents_50_test_16.yaml -1 -1 -1 -1 -1 -1 -1 -1 -1 -1
den312d_agents_50_test_17.yaml -1 -1 -1 -1 -1 -1 -1 -1 -1 -1
den312d_agents_50_test_18.yaml -1 -1 -1 -1 -1 -1 -1 -1 -1 -1
den312d_agents_50_test_19.yaml -1 -1 -1 -1 -1 -1 -1 -1 -1 -1
den312d_agents_50_test_2.yaml -1 -1 -1 -1 -1 -1 -1 -1 -1 -1
den312d_agents_50_test_3.yaml -1 -1 -1 -1 -1 -1 -1 -1 -1 -1
den312d_agents_50_test_4.yaml -1 -1 -1 -1 -1 -1 -1 -1 -1 -1
den312d_agents_50_test_5.yaml -1 -1 -1 -1 -1 -1 -1 -1 -1 -1
den312d_agents_50_test_6.yaml -1 -1 -1 -1 -1 -1 -1 -1 -1 -1
den312d_agents_50_test_7.yaml -1 -1 -1 -1 -1 -1 -1 -1 -1 -1
den312d_agents_50_test_8.yaml -1 -1 -1 -1 -1 -1 -1 -1 -1 -1
den312d_agents_50_test_9.yaml -1 -1 -1 -1 -1 -1 -1 -1 -1 -1
den312d_agents_55_test_0.yaml -1 -1 -1 -1 -1 -1 -1 -1 -1 -1
den312d_agents_55_test_1.yaml -1 -1 -1 -1 -1 -1 -1 -1 -1 -1
den312d_agents_55_test_10.yaml -1 -1 -1 -1 -1 -1 -1 -1 -1 -1
den312d_agents_55_test_11.yaml -1 -1 -1 -1 -1 -1 -1 -1 -1 -1
den312d_agents_55_test_12.yaml -1 -1 -1 -1 -1 -1 -1 -1 -1 -1
den312d_agents_55_test_13.yaml -1 -1 -1 -1 -1 -1 -1 -1 -1 -1
den312d_agents_55_test_14.yaml -1 -1 -1 -1 -1 -1 -1 -1 -1 -1
den312d_agents_55_test_15.yaml -1 -1 -1 -1 -1 -1 -1 -1 -1 -1
den312d_agents_55_test_16.yaml -1 -1 -1 -1 -1 -1 -1 -1 -1 -1
den312d_agents_55_test_17.yaml -1 -1 -1 -1 -1 -1 -1 -1 -1 -1
den312d_agents_55_test_18.yaml -1 -1 -1 -1 -1 -1 -1 -1 -1 -1
den312d_agents_55_test_19.yaml -1 -1 -1 -1 -1 -1 -1 -1 -1 -1
den312d_agents_55_test_2.yaml -1 -1 -1 -1 -1 -1 -1 -1 -1 -1
den312d_agents_55_test_3.yaml -1 -1 -1 -1 -1 -1 -1 -1 -1 -1
den312d_agents_55_test_4.yaml -1 -1 -1 -1 -1 -1 -1 -1 -1 -1
den312d_agents_55_test_5.yaml -1 -1 -1 -1 -1 -1 -1 -1 -1 -1
den312d_agents_55_test_6.yaml -1 -1 -1 -1 -1 -1 -1 -1 -1 -1
den312d_agents_55_test_7.yaml -1 -1 -1 -1 -1 -1 -1 -1 -1 -1
den312d_agents_55_test_8.yaml -1 -1 -1 -1 -1 -1 -1 -1 -1 -1
den312d_agents_55_test_9.yaml -1 -1 -1 -1 -1 -1 -1 -1 -1 -1
den312d_agents_60_test_0.yaml -1 -1 -1 -1 -1 -1 -1 -1 -1 -1
den312d_agents_60_test_1.yaml -1 -1 -1 -1 -1 -1 -1 -1 -1 -1
den312d_agents_60_test_10.yaml -1 -1 -1 -1 -1 -1 -1 -1 -1 -1
den312d_agents_60_test_11.yaml -1 -1 -1 -1 -1 -1 -1 -1 -1 -1
den312d_agents_60_test_12.yaml -1 -1 -1 -1 -1 -1 -1 -1 -1 -1
den312d_agents_60_test_13.yaml -1 -1 -1 -1 -1 -1 -1 -1 -1 -1
den312d_agents_60_test_14.yaml -1 -1 -1 -1 -1 -1 -1 -1 -1 -1
den312d_agents_60_test_15.yaml -1 -1 -1 -1 -1 -1 -1 -1 -1 -1
den312d_agents_60_test_16.yaml -1 -1 -1 -1 -1 -1 -1 -1 -1 -1
den312d_agents_60_test_17.yaml -1 -1 -1 -1 -1 -1 -1 -1 -1 -1
den312d_agents_60_test_18.yaml -1 -1 -1 -1 -1 -1 -1 -1 -1 -1
den312d_agents_60_test_19.yaml -1 -1 -1 -1 -1 -1 -1 -1 -1 -1
den312d_agents_60_test_2.yaml -1 -1 -1 -1 -1 -1 -1 -1 -1 -1
den312d_agents_60_test_3.yaml -1 -1 -1 -1 -1 -1 -1 -1 -1 -1
den312d_agents_60_test_4.yaml -1 -1 -1 -1 -1 -1 -1 -1 -1 -1
den312d_agents_60_test_5.yaml -1 -1 -1 -1 -1 -1 -1 -1 -1 -1
den312d_agents_60_test_6.yaml -1 -1 -1 -1 -1 -1 -1 -1 -1 -1
den312d_agents_60_test_7.yaml -1 -1 -1 -1 -1 -1 -1 -1 -1 -1
den312d_agents_60_test_8.yaml -1 -1 -1 -1 -1 -1 -1 -1 -1 -1
den312d_agents_60_test_9.yaml -1 -1 -1 -1 -1 -1 -1 -1 -1 -1
empty-32-32_agents_15_test_0.yaml 2.1164e-05 0.00417939 1.2387e-05 0.00029713 0.00481648 3.7019e-05 173 0 3 3
empty-32-32_agents_15_test_1.yaml 1.4958e-05 0.00338218 0 9.9427e-05 0.00377817 0 169 0 1 1
empty-32-32_agents_15_test_10.yaml 1.929e-05 0.00518249 1.6869e-05 0.000677361 0.00635636 8.0328e-05 205 0 5 5
empty-32-32_agents_15_test_11.yaml 2.4858e-05 0.00749123 2.2107e-05 0.000823905 0.00887731 0.000154125 158 0 5 5
empty-32-32_agents_15_test_12.yaml 1.9407e-05 0.00526184 2.6378e-05 0.000645069 0.00635069 0.000122492 198 0 5 5
empty-32-32_agents_15_test_13.yaml 2.6433e-05 0.00510949 2.0312e-05 0.000669244 0.00619086 0.000141342 256 0 5 5
empty-32-32_agents_15_test_14.yaml 2.4332e-05 0.00542501 2.1397e-05 0.000607182 0.00648342 0.000120683 169 0 5 5
empty-32-32_agents_15_test_15.yaml 2.2885e-05 0.00468188 2.7719e-05 0.000587752 0.00564563 0.000242239 161 0 7 7
empty-32-32_agents_15_test_16.yaml 2.0591e-05 0.00324394 0 0.000137944 0.00373408 0 217 0 1 1
empty-32-32_agents_15_test_17.yaml 2.1575e-05 0.00368414 9.766e-06 0.000400967 0.00454162 5.0061e-05 164 0 3 3
empty-32-32_agents_15_test_18.yaml 2.4097e-05 0.00460144 1.9718e-05 0.000506044 0.00547255 0.00023728 195 0 5 5
empty-32-32_agents_15_test_19.yaml 2.3198e-05 0.00428586 1.1712e-05 0.000383242 0.00503267 6.9987e-05 209 0 3 3
empty-32-32_agents_15_test_2.yaml 1.9987e-05 0.00403299 1.0052e-05 0.000302817 0.00464702 3.5476e-05 181 0 3 3
empty-32-32_agents_15_test_3.yaml 1.651e-05 0.00438049 1.1171e-05 0.000409441 0.00516732 0.000106777 207 0 3 3
empty-32-32_agents_15_test_4.yaml 2.0468e-05 0.00634515 9.487e-06 0.000410046 0.00724347 5.8176e-05 186 0 3 3
empty-32-32_agents_15_test_5.yaml 2.7759e-05 0.00545483 1.3259e-05 0.000402616 0.00626433 4.9621e-05 188 0 3 3
empty-32-32_agents_15_test_6.yaml 2.778e-05 0.00992887 3.5548e-05 0.00122909 0.0116848 0.000861324 258 0 9 9
empty-32-32_agents_15_test_7.yaml 2.2805e-05 0.00672729 2.5708e-05 0.000996077 0.00829317 0.000508134 183 0 7 7
empty-32-32_agents_15_test_8.yaml 2.7386e-05 0.00538196 2.9081e-05 0.000893041 0.0067284 0.000137439 205 0 7 7
empty-32-32_agents_15_test_9.yaml 2.5165e-05 0.0052132 1.4445e-05 0.000482657 0.00629036 6.5841e-05 192 0 3 3
empty-32-32_agents_20_test_0.yaml 3.4376e-05 0.00468504 2.7039e-05 0.000685768 0.00599108 7.3699e-05 211 0 5 5
empty-32-32_agents_20_test_1.yaml 2.6019e-05 0.00642157 0 0.000187115 0.00729809 0 179 0 1 1
empty-32-32_agents_20_test_10.yaml 4.7527e-05 0.00830367 5.4138e-05 0.00154068 0.0107043 0.000442293 298 0 9 9
empty-32-32_agents_20_test_11.yaml 3.7329e-05 0.00557297 2.1596e-05 0.000787287 0.00699089 8.4453e-05 273 0 5 5
empty-32-32_agents_20_test_12.yaml 5.0424e-05 0.0132997 2.4702e-05 0.00153448 0.016011 0.000172907 285 0 5 5
empty-32-32_agents_20_test_13.yaml 2.7533e-05 0.00395092 1.5976e-05 0.000442898 0.0051421 3.3564e-05 204 0 3 3
empty-32-32_agents_20_test_14.yaml 3.3684e-05 0.00762332 3.0254e-05 0.000964109 0.00951351 0.000104758 273 0 5 5
empty-32-32_agents_20_test_15.yaml 4.1448e-05 0.0067122 2.6441e-05 0.000947264 0.00858137 0.000101648 285 0 5 5
empty-32-32_agents_20_test_16.yaml 3.1414e-05 0.0051331 1.2329e-05 0.000484174 0.0063169 8.649e-05 257 0 3 3
empty-32-32_agents_20_test_17.yaml 3.7623e-05 0.00616267 3.7508e-05 0.00097965 0.00817921 0.000112976 284 0 5 5
empty-32-32_agents_20_test_18.yaml 3.6184e-05 0.00761137 2.7228e-05 0.000884247 0.00931632 0.000203916 289 0 5 5
empty-32-32_agents_20_test_19.yaml 2.9835e-05 0.00620704 1.3422e-05 0.000522635 0.00742855 0.000141795 330 0 3 3
empty-32-32_agents_20_test_2.yaml 2.7389e-05 0.00525757 1.2272e-05 0.000505395 0.00648532 3.8668e-05 220 0 3 3
empty-32-32_agents_20_test_3.yaml 4.4218e-05 0.00785614 2.7942e-05 0.000923652 0.0096399 0.000104645 297 0 5 5
empty-32-32_agents_20_test_4.yaml 0.00144786 0.443022 0.0108798 0.244134 0.727982 0.036109 275 0 1787 1787
empty-32-32_agents_20_test_5.yaml 3.9409e-05 0.0056274 0 0.000217894 0.00676835 0 236 0 1 1
empty-32-32_agents_20_test_6.yaml 3.6718e-05 0.00783177 2.782e-05 0.000861388 0.00944346 0.000355924 270 0 5 5
empty-32-32_agents_20_test_7.yaml 4.1325e-05 0.00886703 3.5967e-05 0.00103788 0.0108716 6.4548e-05 233 0 5 5
empty-32-32_agents_20_test_8.yaml 3.358e-05 0.0070584 3.8915e-05 0.000958484 0.00869245 0.000292042 228 0 7 7
empty-32-32_agents_20_test_9.yaml 4.3041e-05 0.0056123 2.2697e-05 0.000481464 0.00677344 0.000102793 178 0 3 3
empty-32-32_agents_25_test_0.yaml 7.0754e-05 0.0111264 0.000190949 0.00608658 0.0189532 0.00093079 325 0 27 27
empty-32-32_agents_25_test_1.yaml 5.8947e-05 0.00922508 5.6424e-05 0.0021303 0.0129879 0.000374865 396 0 7 7
empty-32-32_agents_25_test_10.yaml 5.7269e-05 0.00908617 7.6715e-05 0.00125016 0.0114359 0.000313002 361 0 7 7
empty-32-32_agents_25_test_11.yaml 0.00031543 0.117481 0.00293998 0.0813389 0.209936 0.0241709 331 0 367 367
empty-32-32_agents_25_test_12.yaml 7.0759e-05 0.0125859 0.000102436 0.00314491 0.0172759 0.000526967 309 0 13 13
empty-32-32_agents_25_test_13.yaml 5.1522e-05 0.00794164 3.1287e-05 0.00133057 0.0108006 0.000132057 300 0 5 5
empty-32-32_agents_25_test_14.yaml 6.8352e-05 0.0120204 0.000101874 0.00415668 0.0180907 0.000218428 419 0 15 15
empty-32-32_agents_25_test_15.yaml 0.0111701 4.86875 0.139762 1.92891 7.27263 0.684281 278 0 13019 13019
empty-32-32_agents_25_test_16.yaml 5.8792e-05 0.00532572 0 0.000183385 0.00633242 0 303 0 1 1
empty-32-32_agents_25_test_17.yaml 8.0914e-05 0.0149797 0.000128332 0.00235166 0.0190023 0.00107795 333 0 9 9
empty-32-32_agents_25_test_18.yaml 4.7439e-05 0.00764833 4.7575e-05 0.00160171 0.0105362 0.000334851 332 0 7 7
empty-32-32_agents_25_test_19.yaml 0.000525837 0.143042 0.00396969 0.0644183 0.219192 0.0295397 303 0 379 379
empty-32-32_agents_25_test_2.yaml 8.5022e-05 0.0146761 0.000130423 0.00449995 0.0212565 0.000568966 392 0 13 13
empty-32-32_agents_25_test_3.yaml 7.8317e-05 0.0112654 9.9901e-05 0.00203192 0.0147911 0.00016498 297 0 5 5
empty-32-32_agents_25_test_4.yaml 6.6262e-05 0.00885486 7.3799e-05 0.00218822 0.0124055 0.000451375 378 0 9 9
empty-32-32_agents_25_test_5.yaml 4.3791e-05 0.00815995 9.4999e-05 0.00151379 0.0107857 0.000122321 297 0 9 9
empty-32-32_agents_25_test_6.yaml 7.0718e-05 0.00991616 0.000114503 0.00147329 0.0132924 0.000317363 271 0 5 5
empty-32-32_agents_25_test_7.yaml 6.7467e-05 0.0120985 0.000195527 0.00344998 0.0169854 0.00109684 332 0 21 21
empty-32-32_agents_25_test_8.yaml 8.2948e-05 0.0136967 0.000141045 0.00487286 0.0206102 0.00064545 365 0 17 17
empty-32-32_agents_25_test_9.yaml 5.8408e-05 0.0100382 5.7661e-05 0.00208395 0.0136081 0.000326046 335 0 9 9
empty-32-32_agents_30_test_0.yaml 0.000254796 0.0906896 0.000981405 0.0303163 0.126033 0.00515863 424 0 95 95
empty-32-32_agents_30_test_1.yaml 9.8814e-05 0.0130013 0.00017008 0.00307421 0.017631 0.000414209 358 0 11 11
empty-32-32_agents_30_test_10.yaml 9.1991e-05 0.0136047 0.000182412 0.00421509 0.0197658 0.000497098 396 0 17 17
empty-32-32_agents_30_test_11.yaml 0.000132257 0.0313039 0.000242682 0.00721762 0.0417682 0.000544442 531 0 17 17
empty-32-32_agents_30_test_12.yaml 8.3126e-05 0.0139706 0.000124865 0.00302159 0.0189361 0.000513565 358 0 11 11
empty-32-32_agents_30_test_13.yaml -1 -1 -1 -1 -1 -1 -1 -1 -1 -1
empty-32-32_agents_30_test_14.yaml 8.7339e-05 0.0153444 0.000216754 0.00510754 0.0225615 0.000345126 479 0 19 19
empty-32-32_agents_30_test_15.yaml 8.0087e-05 0.0123378 0.000128386 0.00400861 0.0182207 0.000471208 403 0 15 15
empty-32-32_agents_30_test_16.yaml 7.8024e-05 0.0123438 0.000123416 0.00290091 0.0170796 0.000146551 414 0 11 11
empty-32-32_agents_30_test_17.yaml 7.9044e-05 0.0119568 0.000150331 0.00290298 0.0174049 0.000240245 433 0 9 9
empty-32-32_agents_30_test_18.yaml 0.000105953 0.0189535 0.000263843 0.00701724 0.0289926 0.00078445 405 0 19 19
empty-32-32_agents_30_test_19.yaml 0.000117513 0.0171814 0.000194324 0.00579766 0.0251891 0.000336027 436 0 17 17
empty-32-32_agents_30_test_2.yaml 0.000109968 0.0139053 0.000186669 0.00428704 0.0201714 0.000607743 358 0 15 15
empty-32-32_agents_30_test_3.yaml 0.00015443 0.0302922 0.000705998 0.0179909 0.0517672 0.00222223 390 0 51 51
empty-32-32_agents_30_test_4.yaml 9.9324e-05 0.03866 0.000287425 0.00861962 0.0496062 0.00358944 408 0 33 33
empty-32-32_agents_30_test_5.yaml 9.8101e-05 0.0171765 0.000201884 0.00395674 0.0235017 0.000548193 463 0 13 13
empty-32-32_agents_30_test_6.yaml 0.000148302 0.0377876 0.000414996 0.0125231 0.0531815 0.00564371 436 0 43 43
empty-32-32_agents_30_test_7.yaml 0.000104877 0.015764 0.00032425 0.00744428 0.0259203 0.000945848 337 0 29 29
empty-32-32_agents_30_test_8.yaml 9.9228e-05 0.0199498 0.000205295 0.00481248 0.0272605 0.000229364 475 0 15 15
empty-32-32_agents_30_test_9.yaml 9.4836e-05 0.0120591 0.000195155 0.00354212 0.017908 0.000365427 473 0 11 11
empty-32-32_agents_35_test_0.yaml 0.000107081 0.0146768 0.000176772 0.0036877 0.0213414 0.000290309 493 0 11 11
empty-32-32_agents_35_test_1.yaml 0.000114663 0.0156819 0.000335065 0.00588979 0.0244803 0.00039157 417 0 17 17
empty-32-32_agents_35_test_10.yaml 0.000206803 0.0274864 0.0013463 0.0206348 0.0525283 0.00223695 421 0 73 73
empty-32-32_agents_35_test_11.yaml 0.000148376 0.0169858 0.000418585 0.00688468 0.02763 0.000578361 493 0 23 23
empty-32-32_agents_35_test_12.yaml -1 -1 -1 -1 -1 -1 -1 -1 -1 -1
empty-32-32_agents_35_test_13.yaml 0.00088086 0.332187 0.0118441 0.16916 0.533669 0.0755558 459 0 587 587
empty-32-32_agents_35_test_14.yaml 0.000143257 0.0194284 0.000437366 0.00626394 0.0291685 0.000345463 513 0 15 15
empty-32-32_agents_35_test_15.yaml -1 -1 -1 -1 -1 -1 -1 -1 -1 -1
empty-32-32_agents_35_test_16.yaml 0.00250016 0.473949 0.0357495 0.379906 0.930903 0.0272684 428 0 1363 1363
empty-32-32_agents_35_test_17.yaml 0.000187175 0.0286894 0.00105346 0.0138031 0.0484809 0.000824848 414 0 29 29
empty-32-32_agents_35_test_18.yaml 0.000223201 0.0365117 0.00100462 0.0208394 0.0617204 0.00158974 512 0 53 53
empty-32-32_agents_35_test_19.yaml 0.00407777 1.3918 0.0426806 0.64347 2.15169 0.0941949 419 0 2167 2167
empty-32-32_agents_35_test_2.yaml 0.000154707 0.0295113 0.000965092 0.0145375 0.0491338 0.00179486 487 0 45 45
empty-32-32_agents_35_test_3.yaml 0.000103244 0.01159 0.000301794 0.00421774 0.0184994 0.000186441 415 0 15 15
empty-32-32_agents_35_test_4.yaml -1 -1 -1 -1 -1 -1 -1 -1 -1 -1
empty-32-32_agents_35_test_5.yaml 9.9311e-05 0.0163917 0.000336563 0.00520537 0.0252335 0.000753222 380 0 19 19
empty-32-32_agents_35_test_6.yaml 0.00018129 0.0298014 0.00098327 0.0148042 0.0489807 0.00119884 427 0 33 33
empty-32-32_agents_35_test_7.yaml 0.000232349 0.0312512 0.000955345 0.0146896 0.0501858 0.00104312 421 0 33 33
empty-32-32_agents_35_test_8.yaml 0.000283437 0.0746137 0.00354728 0.0429634 0.126803 0.00771314 402 0 145 145
empty-32-32_agents_35_test_9.yaml 0.000111888 0.0163592 0.00039579 0.00597127 0.025156 0.000422265 469 0 21 21
empty-32-32_agents_40_test_0.yaml 0.000320207 0.0265765 0.000951188 0.0093468 0.0406244 0.000721938 455 0 19 19
empty-32-32_agents_40_test_1.yaml 0.000131352 0.0171167 0.000470169 0.00583375 0.0266994 0.000647069 559 0 17 17
empty-32-32_agents_40_test_10.yaml 0.000316124 0.0959324 0.00327389 0.0671425 0.174037 0.01433 548 0 151 151
empty-32-32_agents_40_test_11.yaml 0.000917711 0.241695 0.0213665 0.232587 0.518844 0.0132551 536 0 793 793
empty-32-32_agents_40_test_12.yaml 0.000196285 0.0267727 0.00121978 0.02531 0.0582215 0.000770963 537 0 59 59
empty-32-32_agents_40_test_13.yaml -1 -1 -1 -1 -1 -1 -1 -1 -1 -1
empty-32-32_agents_40_test_14.yaml 0.000139357 0.016331 0.00048603 0.00540151 0.0254275 0.000243863 411 0 19 19
empty-32-32_agents_40_test_15.yaml 0.000149539 0.0211132 0.000352518 0.009594 0.0347143 0.000902685 530 0 23 23
empty-32-32_agents_40_test_16.yaml 0.000843985 0.177128 0.00820217 0.168922 0.369131 0.0125639 571 0 351 351
empty-32-32_agents_40_test_17.yaml 0.000223529 0.0394784 0.001975 0.0246689 0.0705604 0.000909857 586 0 77 77
empty-32-32_agents_40_test_18.yaml 0.000251474 0.0276276 0.000947691 0.0226989 0.0555715 0.000890771 563 0 43 43
empty-32-32_agents_40_test_19.yaml 0.000910564 0.158567 0.0174225 0.181238 0.374513 0.00664528 570 0 541 541
empty-32-32_agents_40_test_2.yaml 0.0131396 3.76747 0.197612 2.24088 6.45343 0.406859 544 0 6681 6681
empty-32-32_agents_40_test_3.yaml 0.000274115 0.0298245 0.000580137 0.00990073 0.0455815 0.00133781 699 0 21 21
empty-32-32_agents_40_test_4.yaml 0.00023371 0.0326323 0.00126209 0.016619 0.0549889 0.00098296 551 0 33 33
empty-32-32_agents_40_test_5.yaml 0.000198995 0.014495 0.000407662 0.00582362 0.0255143 0.000203978 469 0 13 13
empty-32-32_agents_40_test_6.yaml 0.000304368 0.07499 0.00326812 0.0616766 0.14777 0.00995185 661 0 119 119
empty-32-32_agents_40_test_7.yaml 0.000921587 0.281731 0.00632414 0.166876 0.469401 0.0250147 557 0 333 333
empty-32-32_agents_40_test_8.yaml 0.000229281 0.0279422 0.000457004 0.00612428 0.0384694 0.00134478 456 0 13 13
empty-32-32_agents_40_test_9.yaml 0.00290439 0.678877 0.0431323 0.568432 1.33997 0.0184017 540 0 1413 1413
empty-32-32_agents_45_test_0.yaml 0.000406296 0.0599778 0.00224131 0.0399709 0.109173 0.00619997 677 0 63 63
empty-32-32_agents_45_test_1.yaml -1 -1 -1 -1 -1 -1 -1 -1 -1 -1
empty-32-32_agents_45_test_10.yaml 0.000216384 0.021136 0.000806034 0.00898883 0.0344196 0.000585568 546 0 25 25
empty-32-32_agents_45_test_11.yaml 0.00030328 0.0332626 0.00142983 0.0162065 0.0553278 0.00149688 563 0 29 29
empty-32-32_agents_45_test_12.yaml 0.000876381 0.232233 0.0103182 0.199873 0.459198 0.0249816 603 0 421 421
empty-32-32_agents_45_test_13.yaml 0.000245796 0.0373767 0.00224682 0.0199527 0.0643984 0.00299053 595 0 59 59
empty-32-32_agents_45_test_14.yaml 0.00111159 0.245987 0.0142219 0.241681 0.525479 0.0383808 691 0 501 501
empty-32-32_agents_45_test_15.yaml 0.000424785 0.0468178 0.0018206 0.0389861 0.0935496 0.00207936 611 0 43 43
empty-32-32_agents_45_test_16.yaml 0.000269956 0.0371939 0.00255564 0.023581 0.068534 0.0028593 605 0 69 69
empty-32-32_agents_45_test_17.yaml 0.000165217 0.0262099 0.000528451 0.00928842 0.0413069 0.00149747 566 0 19 19
empty-32-32_agents_45_test_18.yaml 0.00180879 0.204147 0.0209829 0.179434 0.424789 0.00802313 518 0 501 501
empty-32-32_agents_45_test_19.yaml -1 -1 -1 -1 -1 -1 -1 -1 -1 -1
empty-32-32_agents_45_test_2.yaml -1 -1 -1 -1 -1 -1 -1 -1 -1 -1
empty-32-32_agents_45_test_3.yaml -1 -1 -1 -1 -1 -1 -1 -1 -1 -1
empty-32-32_agents_45_test_4.yaml 0.00731747 2.27539 0.0949382 1.25003 3.73032 0.120656 535 0 2769 2769
empty-32-32_agents_45_test_5.yaml 0.00424691 1.63145 0.0817773 1.37863 3.19068 0.205608 633 0 3043 3043
empty-32-32_agents_45_test_6.yaml 0.00210785 0.469022 0.0289886 0.509254 1.04398 0.0494478 587 0 1083 1083
empty-32-32_agents_45_test_7.yaml 0.000491088 0.137236 0.0104454 0.0877215 0.245509 0.00493586 526 0 265 265
empty-32-32_agents_45_test_8.yaml 0.000179779 0.0213502 0.000764684 0.0080539 0.0338391 0.000302108 539 0 25 25
empty-32-32_agents_45_test_9.yaml -1 -1 -1 -1 -1 -1 -1 -1 -1 -1
empty-32-32_agents_50_test_0.yaml 0.000652123 0.148761 0.00988762 0.14039 0.31227 0.0191555 671 0 311 311
empty-32-32_agents_50_test_1.yaml 0.00122767 0.308295 0.018872 0.356119 0.709908 0.0406129 678 0 605 605
empty-32-32_agents_50_test_10.yaml 0.0051471 1.12446 0.0865427 1.56655 2.88134 0.123266 674 0 3177 3177
empty-32-32_agents_50_test_11.yaml 0.00021013 0.0194366 0.000778454 0.00666123 0.0311777 0.000824827 692 0 17 17
empty-32-32_agents_50_test_12.yaml -1 -1 -1 -1 -1 -1 -1 -1 -1 -1
empty-32-32_agents_50_test_13.yaml 0.000394256 0.070325 0.00318705 0.0625861 0.144147 0.00907979 694 0 133 133
empty-32-32_agents_50_test_14.yaml 0.000238036 0.0264237 0.00127596 0.011465 0.0431414 0.000703964 596 0 33 33
empty-32-32_agents_50_test_15.yaml 0.00027576 0.0260078 0.00121604 0.0115694 0.0434392 0.00104302 642 0 31 31
empty-32-32_agents_50_test_16.yaml 0.000241939 0.01974 0.000455623 0.00922614 0.0342403 0.000849008 631 0 21 21
empty-32-32_agents_50_test_17.yaml -1 -1 -1 -1 -1 -1 -1 -1 -1 -1
empty-32-32_agents_50_test_18.yaml 0.000314375 0.0339475 0.0017351 0.0194489 0.0601439 0.0022169 611 0 51 51
empty-32-32_agents_50_test_19.yaml 0.000251757 0.0248938 0.00114096 0.0113 0.0425463 0.00159446 729 0 25 25
empty-32-32_agents_50_test_2.yaml -1 -1 -1 -1 -1 -1 -1 -1 -1 -1
empty-32-32_agents_50_test_3.yaml 0.000244936 0.02192 0.000509801 0.0100471 0.0375285 0.000990559 577 0 21 21
empty-32-32_agents_50_test_4.yaml -1 -1 -1 -1 -1 -1 -1 -1 -1 -1
empty-32-32_agents_50_test_5.yaml 0.000323653 0.0272326 0.00059627 0.0107206 0.0446401 0.00141052 733 0 21 21
empty-32-32_agents_50_test_6.yaml 0.000358709 0.0354462 0.000930112 0.018752 0.0603309 0.00123925 664 0 33 33
empty-32-32_agents_50_test_7.yaml 0.00166478 0.371854 0.0223976 0.324382 0.750308 0.0565449 722 0 643 643
empty-32-32_agents_50_test_8.yaml -1 -1 -1 -1 -1 -1 -1 -1 -1 -1
empty-32-32_agents_50_test_9.yaml -1 -1 -1 -1 -1 -1 -1 -1 -1 -1
empty-32-32_agents_55_test_0.yaml -1 -1 -1 -1 -1 -1 -1 -1 -1 -1
empty-32-32_agents_55_test_1.yaml -1 -1 -1 -1 -1 -1 -1 -1 -1 -1
empty-32-32_agents_55_test_10.yaml 0.000932402 0.188967 0.022386 0.220185 0.451657 0.00714562 625 0 501 501
empty-32-32_agents_55_test_11.yaml -1 -1 -1 -1 -1 -1 -1 -1 -1 -1
empty-32-32_agents_55_test_12.yaml 0.0110203 3.30521 0.387511 3.59239 7.53059 0.167182 847 0 5987 5987
empty-32-32_agents_55_test_13.yaml -1 -1 -1 -1 -1 -1 -1 -1 -1 -1
empty-32-32_agents_55_test_14.yaml 0.000365588 0.0400942 0.00205047 0.0283134 0.0775152 0.00118298 799 0 57 57
empty-32-32_agents_55_test_15.yaml 0.000329283 0.0348442 0.00148796 0.0164639 0.0593554 0.0027373 687 0 33 33
empty-32-32_agents_55_test_16.yaml 0.00423934 1.40072 0.121632 1.25269 2.88675 0.109748 799 0 2487 2487
empty-32-32_agents_55_test_17.yaml -1 -1 -1 -1 -1 -1 -1 -1 -1 -1
empty-32-32_agents_55_test_18.yaml -1 -1 -1 -1 -1 -1 -1 -1 -1 -1
empty-32-32_agents_55_test_19.yaml -1 -1 -1 -1 -1 -1 -1 -1 -1 -1
empty-32-32_agents_55_test_2.yaml 0.0391465 10.6209 1.00425 9.70678 22.1069 1.41188 722 0 18267 18267
empty-32-32_agents_55_test_3.yaml -1 -1 -1 -1 -1 -1 -1 -1 -1 -1
empty-32-32_agents_55_test_4.yaml 0.000809045 0.141984 0.0135001 0.133218 0.304488 0.0131221 756 0 241 241
empty-32-32_agents_55_test_5.yaml 0.02206 6.84529 0.437242 5.37349 13.06 0.755295 761 0 9997 9997
empty-32-32_agents_55_test_6.yaml 0.00512468 0.954618 0.165145 1.04632 2.27067 0.0420231 577 0 2995 2995
empty-32-32_agents_55_test_7.yaml 0.000333232 0.0277073 0.00122431 0.0149918 0.0499238 0.00201354 715 0 33 33
empty-32-32_agents_55_test_8.yaml -1 -1 -1 -1 -1 -1 -1 -1 -1 -1
empty-32-32_agents_55_test_9.yaml 0.0030454 0.824713 0.0829762 0.63762 1.60467 0.0613003 730 0 1677 1677
empty-32-32_agents_60_test_0.yaml -1 -1 -1 -1 -1 -1 -1 -1 -1 -1
empty-32-32_agents_60_test_1.yaml 0.000373309 0.0338389 0.00182189 0.019748 0.0642599 0.00190724 703 0 35 35
empty-32-32_agents_60_test_10.yaml 0.00715198 1.43688 0.179044 1.6106 3.35291 0.0435245 823 0 3015 3015
empty-32-32_agents_60_test_11.yaml -1 -1 -1 -1 -1 -1 -1 -1 -1 -1
empty-32-32_agents_60_test_12.yaml -1 -1 -1 -1 -1 -1 -1 -1 -1 -1
empty-32-32_agents_60_test_13.yaml 0.0208087 4.40481 0.511867 4.52288 9.84853 0.616614 689 0 9355 9355
empty-32-32_agents_60_test_14.yaml 0.000564154 0.0639479 0.00282611 0.0575397 0.135707 0.0022956 882 0 67 67
empty-32-32_agents_60_test_15.yaml -1 -1 -1 -1 -1 -1 -1 -1 -1 -1
empty-32-32_agents_60_test_16.yaml 0.000549981 0.059404 0.00543577 0.0514363 0.127542 0.00200584 870 0 83 83
empty-32-32_agents_60_test_17.yaml -1 -1 -1 -1 -1 -1 -1 -1 -1 -1
empty-32-32_agents_60_test_18.yaml 0.000396637 0.0326895 0.00177623 0.0183682 0.0594697 0.00163073 747 0 39 39
empty-32-32_agents_60_test_19.yaml 0.000537096 0.0737928 0.00614407 0.0562253 0.147232 0.00209888 864 0 93 93
empty-32-32_agents_60_test_2.yaml 0.000395967 0.0330022 0.00151977 0.0192057 0.0606316 0.00111375 808 0 37 37
empty-32-32_agents_60_test_3.yaml -1 -1 -1 -1 -1 -1 -1 -1 -1 -1
empty-32-32_agents_60_test_4.yaml -1 -1 -1 -1 -1 -1 -1 -1 -1 -1
empty-32-32_agents_60_test_5.yaml 0.0300523 7.13573 0.804228 7.18778 15.712 0.879744 751 0 12065 12065
empty-32-32_agents_60_test_6.yaml 0.00321881 0.49172 0.0676379 0.596938 1.21054 0.0628682 672 0 1265 1265
empty-32-32_agents_60_test_7.yaml 0.000399816 0.03432 0.00215796 0.0228668 0.0671611 0.00196432 771 0 43 43
empty-32-32_agents_60_test_8.yaml -1 -1 -1 -1 -1 -1 -1 -1 -1 -1
empty-32-32_agents_60_test_9.yaml 0.000515414 0.0526459 0.00254439 0.026394 0.0903334 0.00150089 891 0 45 45
maze-32-32-2_agents_15_test_0.yaml 5.323e-05 0.0340465 0.00018555 0.014852 0.0509164 0.00244953 497 0 39 39
maze-32-32-2_agents_15_test_1.yaml 4.117e-05 0.0181086 7.7186e-05 0.00465948 0.0239379 0.000546746 431 0 17 17
maze-32-32-2_agents_15_test_10.yaml -1 -1 -1 -1 -1 -1 -1 -1 -1 -1
maze-32-32-2_agents_15_test_11.yaml -1 -1 -1 -1 -1 -1 -1 -1 -1 -1
maze-32-32-2_agents_15_test_12.yaml 0.00100811 1.17071 0.00681977 0.20127 1.39633 0.0625914 367 0 685 685
maze-32-32-2_agents_15_test_13.yaml 2.8063e-05 0.0229043 3.9464e-05 0.00188119 0.0259059 0 449 0 5 5
maze-32-32-2_agents_15_test_14.yaml 0.00013453 0.0934388 0.000660492 0.0377921 0.135244 0.00689698 417 0 125 125
maze-32-32-2_agents_15_test_15.yaml 2.7844e-05 0.0225484 2.4116e-05 0.00199098 0.0261089 0.0016892 348 0 5 5
maze-32-32-2_agents_15_test_16.yaml 0.000129576 0.101923 0.000498504 0.0304205 0.13593 0.0107223 591 0 81 81
maze-32-32-2_agents_15_test_17.yaml -1 -1 -1 -1 -1 -1 -1 -1 -1 -1
maze-32-32-2_agents_15_test_18.yaml 0.0143729 14.1655 0.0870198 4.99442 19.7089 1.05686 582 0 11897 11897
maze-32-32-2_agents_15_test_19.yaml 0.000325314 0.655459 0.00182968 0.0758514 0.739489 0.0162976 484 0 215 215
maze-32-32-2_agents_15_test_2.yaml 0.000121151 0.075447 0.00020032 0.0107719 0.0882714 0.0043104 473 0 27 27
maze-32-32-2_agents_15_test_3.yaml 0.000250464 0.14672 0.000969202 0.0683012 0.220479 0.0162023 624 0 121 121
maze-32-32-2_agents_15_test_4.yaml 0.000118457 0.0704652 0.000511331 0.0238219 0.0971291 0.00289297 487 0 69 69
maze-32-32-2_agents_15_test_5.yaml -1 -1 -1 -1 -1 -1 -1 -1 -1 -1
maze-32-32-2_agents_15_test_6.yaml 2.0373e-05 0.0113696 1.1011e-05 0.000941393 0.0133696 0.000136433 479 0 3 3
maze-32-32-2_agents_15_test_7.yaml 0.00195248 4.35209 0.00951656 0.584027 4.97768 0.088342 785 0 1039 1039
maze-32-32-2_agents_15_test_8.yaml 7.6455e-05 0.0437079 0.00026062 0.0169919 0.0630061 0.00340141 546 0 53 53
maze-32-32-2_agents_15_test_9.yaml 4.4917e-05 0.0764374 9.1168e-05 0.00748566 0.0853159 0.00107897 396 0 21 21
maze-32-32-2_agents_20_test_0.yaml -1 -1 -1 -1 -1 -1 -1 -1 -1 -1
maze-32-32-2_agents_20_test_1.yaml -1 -1 -1 -1 -1 -1 -1 -1 -1 -1
maze-32-32-2_agents_20_test_10.yaml -1 -1 -1 -1 -1 -1 -1 -1 -1 -1
maze-32-32-2_agents_20_test_11.yaml 0.00024594 0.146986 0.00170329 0.071202 0.226321 0.0161367 397 0 217 217
maze-32-32-2_agents_20_test_12.yaml -1 -1 -1 -1 -1 -1 -1 -1 -1 -1
maze-32-32-2_agents_20_test_13.yaml -1 -1 -1 -1 -1 -1 -1 -1 -1 -1
maze-32-32-2_agents_20_test_14.yaml 0.0182531 23.6281 0.159942 4.81773 29.048 1.61436 589 0 10851 10851
maze-32-32-2_agents_20_test_15.yaml -1 -1 -1 -1 -1 -1 -1 -1 -1 -1
maze-32-32-2_agents_20_test_16.yaml -1 -1 -1 -1 -1 -1 -1 -1 -1 -1
maze-32-32-2_agents_20_test_17.yaml -1 -1 -1 -1 -1 -1 -1 -1 -1 -1
maze-32-32-2_agents_20_test_18.yaml -1 -1 -1 -1 -1 -1 -1 -1 -1 -1
maze-32-32-2_agents_20_test_19.yaml 0.00268119 1.71328 0.0179253 0.923446 2.71308 0.0964122 844 0 1695 1695
maze-32-32-2_agents_20_test_2.yaml -1 -1 -1 -1 -1 -1 -1 -1 -1 -1
maze-32-32-2_agents_20_test_3.yaml -1 -1 -1 -1 -1 -1 -1 -1 -1 -1
maze-32-32-2_agents_20_test_4.yaml -1 -1 -1 -1 -1 -1 -1 -1 -1 -1
maze-32-32-2_agents_20_test_5.yaml 0.00458923 4.04826 0.0329464 1.58166 5.76404 0.333511 624 0 3053 3053
maze-32-32-2_agents_20_test_6.yaml -1 -1 -1 -1 -1 -1 -1 -1 -1 -1
maze-32-32-2_agents_20_test_7.yaml 8.173e-05 0.0465447 0.000264076 0.0204796 0.0702673 0.00266538 586 0 43 43
maze-32-32-2_agents_20_test_8.yaml 0.00123838 1.45526 0.0119591 0.439854 1.93403 0.0991688 703 0 919 919
maze-32-32-2_agents_20_test_9.yaml -1 -1 -1 -1 -1 -1 -1 -1 -1 -1
maze-32-32-2_agents_25_test_0.yaml -1 -1 -1 -1 -1 -1 -1 -1 -1 -1
maze-32-32-2_agents_25_test_1.yaml -1 -1 -1 -1 -1 -1 -1 -1 -1 -1
maze-32-32-2_agents_25_test_10.yaml -1 -1 -1 -1 -1 -1 -1 -1 -1 -1
maze-32-32-2_agents_25_test_11.yaml -1 -1 -1 -1 -1 -1 -1 -1 -1 -1
maze-32-32-2_agents_25_test_12.yaml -1 -1 -1 -1 -1 -1 -1 -1 -1 -1
maze-32-32-2_agents_25_test_13.yaml -1 -1 -1 -1 -1 -1 -1 -1 -1 -1
maze-32-32-2_agents_25_test_14.yaml -1 -1 -1 -1 -1 -1 -1 -1 -1 -1
maze-32-32-2_agents_25_test_15.yaml -1 -1 -1 -1 -1 -1 -1 -1 -1 -1
maze-32-32-2_agents_25_test_16.yaml -1 -1 -1 -1 -1 -1 -1 -1 -1 -1
maze-32-32-2_agents_25_test_17.yaml -1 -1 -1 -1 -1 -1 -1 -1 -1 -1
maze-32-32-2_agents_25_test_18.yaml 0.0124659 12.0921 0.0803475 4.92062 17.4226 0.650268 1000 0 7455 7455
maze-32-32-2_agents_25_test_19.yaml -1 -1 -1 -1 -1 -1 -1 -1 -1 -1
maze-32-32-2_agents_25_test_2.yaml -1 -1 -1 -1 -1 -1 -1 -1 -1 -1
maze-32-32-2_agents_25_test_3.yaml -1 -1 -1 -1 -1 -1 -1 -1 -1 -1
maze-32-32-2_agents_25_test_4.yaml -1 -1 -1 -1 -1 -1 -1 -1 -1 -1
maze-32-32-2_agents_25_test_5.yaml -1 -1 -1 -1 -1 -1 -1 -1 -1 -1
maze-32-32-2_agents_25_test_6.yaml -1 -1 -1 -1 -1 -1 -1 -1 -1 -1
maze-32-32-2_agents_25_test_7.yaml -1 -1 -1 -1 -1 -1 -1 -1 -1 -1
maze-32-32-2_agents_25_test_8.yaml -1 -1 -1 -1 -1 -1 -1 -1 -1 -1
maze-32-32-2_agents_25_test_9.yaml 0.00916751 6.60309 0.0715428 3.41264 10.3958 0.833526 689 0 8883 8883
maze-32-32-2_agents_30_test_0.yaml -1 -1 -1 -1 -1 -1 -1 -1 -1 -1
maze-32-32-2_agents_30_test_1.yaml -1 -1 -1 -1 -1 -1 -1 -1 -1 -1
maze-32-32-2_agents_30_test_10.yaml -1 -1 -1 -1 -1 -1 -1 -1 -1 -1
maze-32-32-2_agents_30_test_11.yaml -1 -1 -1 -1 -1 -1 -1 -1 -1 -1
maze-32-32-2_agents_30_test_12.yaml -1 -1 -1 -1 -1 -1 -1 -1 -1 -1
maze-32-32-2_agents_30_test_13.yaml -1 -1 -1 -1 -1 -1 -1 -1 -1 -1
maze-32-32-2_agents_30_test_14.yaml -1 -1 -1 -1 -1 -1 -1 -1 -1 -1
maze-32-32-2_agents_30_test_15.yaml -1 -1 -1 -1 -1 -1 -1 -1 -1 -1
maze-32-32-2_agents_30_test_16.yaml -1 -1 -1 -1 -1 -1 -1 -1 -1 -1
maze-32-32-2_agents_30_test_17.yaml -1 -1 -1 -1 -1 -1 -1 -1 -1 -1
maze-32-32-2_agents_30_test_18.yaml -1 -1 -1 -1 -1 -1 -1 -1 -1 -1
maze-32-32-2_agents_30_test_19.yaml -1 -1 -1 -1 -1 -1 -1 -1 -1 -1
maze-32-32-2_agents_30_test_2.yaml -1 -1 -1 -1 -1 -1 -1 -1 -1 -1
maze-32-32-2_agents_30_test_3.yaml -1 -1 -1 -1 -1 -1 -1 -1 -1 -1
maze-32-32-2_agents_30_test_4.yaml -1 -1 -1 -1 -1 -1 -1 -1 -1 -1
maze-32-32-2_agents_30_test_5.yaml -1 -1 -1 -1 -1 -1 -1 -1 -1 -1
maze-32-32-2_agents_30_test_6.yaml -1 -1 -1 -1 -1 -1 -1 -1 -1 -1
maze-32-32-2_agents_30_test_7.yaml -1 -1 -1 -1 -1 -1 -1 -1 -1 -1
maze-32-32-2_agents_30_test_8.yaml -1 -1 -1 -1 -1 -1 -1 -1 -1 -1
maze-32-32-2_agents_30_test_9.yaml -1 -1 -1 -1 -1 -1 -1 -1 -1 -1
maze-32-32-2_agents_35_test_0.yaml -1 -1 -1 -1 -1 -1 -1 -1 -1 -1
maze-32-32-2_agents_35_test_1.yaml -1 -1 -1 -1 -1 -1 -1 -1 -1 -1
maze-32-32-2_agents_35_test_10.yaml -1 -1 -1 -1 -1 -1 -1 -1 -1 -1
maze-32-32-2_agents_35_test_11.yaml -1 -1 -1 -1 -1 -1 -1 -1 -1 -1
maze-32-32-2_agents_35_test_12.yaml -1 -1 -1 -1 -1 -1 -1 -1 -1 -1
maze-32-32-2_agents_35_test_13.yaml -1 -1 -1 -1 -1 -1 -1 -1 -1 -1
maze-32-32-2_agents_35_test_14.yaml -1 -1 -1 -1 -1 -1 -1 -1 -1 -1
maze-32-32-2_agents_35_test_15.yaml -1 -1 -1 -1 -1 -1 -1 -1 -1 -1
maze-32-32-2_agents_35_test_16.yaml -1 -1 -1 -1 -1 -1 -1 -1 -1 -1
maze-32-32-2_agents_35_test_17.yaml -1 -1 -1 -1 -1 -1 -1 -1 -1 -1
maze-32-32-2_agents_35_test_18.yaml -1 -1 -1 -1 -1 -1 -1 -1 -1 -1
maze-32-32-2_agents_35_test_19.yaml -1 -1 -1 -1 -1 -1 -1 -1 -1 -1
maze-32-32-2_agents_35_test_2.yaml -1 -1 -1 -1 -1 -1 -1 -1 -1 -1
maze-32-32-2_agents_35_test_3.yaml -1 -1 -1 -1 -1 -1 -1 -1 -1 -1
maze-32-32-2_agents_35_test_4.yaml -1 -1 -1 -1 -1 -1 -1 -1 -1 -1
maze-32-32-2_agents_35_test_5.yaml -1 -1 -1 -1 -1 -1 -1 -1 -1 -1
maze-32-32-2_agents_35_test_6.yaml -1 -1 -1 -1 -1 -1 -1 -1 -1 -1
maze-32-32-2_agents_35_test_7.yaml -1 -1 -1 -1 -1 -1 -1 -1 -1 -1
maze-32-32-2_agents_35_test_8.yaml -1 -1 -1 -1 -1 -1 -1 -1 -1 -1
maze-32-32-2_agents_35_test_9.yaml -1 -1 -1 -1 -1 -1 -1 -1 -1 -1
maze-32-32-2_agents_40_test_0.yaml -1 -1 -1 -1 -1 -1 -1 -1 -1 -1
maze-32-32-2_agents_40_test_1.yaml -1 -1 -1 -1 -1 -1 -1 -1 -1 -1
maze-32-32-2_agents_40_test_10.yaml -1 -1 -1 -1 -1 -1 -1 -1 -1 -1
maze-32-32-2_agents_40_test_11.yaml -1 -1 -1 -1 -1 -1 -1 -1 -1 -1
maze-32-32-2_agents_40_test_12.yaml -1 -1 -1 -1 -1 -1 -1 -1 -1 -1
maze-32-32-2_agents_40_test_13.yaml -1 -1 -1 -1 -1 -1 -1 -1 -1 -1
maze-32-32-2_agents_40_test_14.yaml -1 -1 -1 -1 -1 -1 -1 -1 -1 -1
maze-32-32-2_agents_40_test_15.yaml -1 -1 -1 -1 -1 -1 -1 -1 -1 -1
maze-32-32-2_agents_40_test_16.yaml -1 -1 -1 -1 -1 -1 -1 -1 -1 -1
maze-32-32-2_agents_40_test_17.yaml -1 -1 -1 -1 -1 -1 -1 -1 -1 -1
maze-32-32-2_agents_40_test_18.yaml -1 -1 -1 -1 -1 -1 -1 -1 -1 -1
maze-32-32-2_agents_40_test_19.yaml -1 -1 -1 -1 -1 -1 -1 -1 -1 -1
maze-32-32-2_agents_40_test_2.yaml -1 -1 -1 -1 -1 -1 -1 -1 -1 -1
maze-32-32-2_agents_40_test_3.yaml -1 -1 -1 -1 -1 -1 -1 -1 -1 -1
maze-32-32-2_agents_40_test_4.yaml -1 -1 -1 -1 -1 -1 -1 -1 -1 -1
maze-32-32-2_agents_40_test_5.yaml -1 -1 -1 -1 -1 -1 -1 -1 -1 -1
maze-32-32-2_agents_40_test_6.yaml -1 -1 -1 -1 -1 -1 -1 -1 -1 -1
maze-32-32-2_agents_40_test_7.yaml -1 -1 -1 -1 -1 -1 -1 -1 -1 -1
maze-32-32-2_agents_40_test_8.yaml -1 -1 -1 -1 -1 -1 -1 -1 -1 -1
maze-32-32-2_agents_40_test_9.yaml -1 -1 -1 -1 -1 -1 -1 -1 -1 -1
maze-32-32-2_agents_45_test_0.yaml -1 -1 -1 -1 -1 -1 -1 -1 -1 -1
maze-32-32-2_agents_45_test_1.yaml -1 -1 -1 -1 -1 -1 -1 -1 -1 -1
maze-32-32-2_agents_45_test_10.yaml -1 -1 -1 -1 -1 -1 -1 -1 -1 -1
maze-32-32-2_agents_45_test_11.yaml -1 -1 -1 -1 -1 -1 -1 -1 -1 -1
maze-32-32-2_agents_45_test_12.yaml -1 -1 -1 -1 -1 -1 -1 -1 -1 -1
maze-32-32-2_agents_45_test_13.yaml -1 -1 -1 -1 -1 -1 -1 -1 -1 -1
maze-32-32-2_agents_45_test_14.yaml -1 -1 -1 -1 -1 -1 -1 -1 -1 -1
maze-32-32-2_agents_45_test_15.yaml -1 -1 -1 -1 -1 -1 -1 -1 -1 -1
maze-32-32-2_agents_45_test_16.yaml -1 -1 -1 -1 -1 -1 -1 -1 -1 -1
maze-32-32-2_agents_45_test_17.yaml -1 -1 -1 -1 -1 -1 -1 -1 -1 -1
maze-32-32-2_agents_45_test_18.yaml -1 -1 -1 -1 -1 -1 -1 -1 -1 -1
maze-32-32-2_agents_45_test_19.yaml -1 -1 -1 -1 -1 -1 -1 -1 -1 -1
maze-32-32-2_agents_45_test_2.yaml -1 -1 -1 -1 -1 -1 -1 -1 -1 -1
maze-32-32-2_agents_45_test_3.yaml -1 -1 -1 -1 -1 -1 -1 -1 -1 -1
maze-32-32-2_agents_45_test_4.yaml -1 -1 -1 -1 -1 -1 -1 -1 -1 -1
maze-32-32-2_agents_45_test_5.yaml -1 -1 -1 -1 -1 -1 -1 -1 -1 -1
maze-32-32-2_agents_45_test_6.yaml -1 -1 -1 -1 -1 -1 -1 -1 -1 -1
maze-32-32-2_agents_45_test_7.yaml -1 -1 -1 -1 -1 -1 -1 -1 -1 -1
maze-32-32-2_agents_45_test_8.yaml -1 -1 -1 -1 -1 -1 -1 -1 -1 -1
maze-32-32-2_agents_45_test_9.yaml -1 -1 -1 -1 -1 -1 -1 -1 -1 -1
maze-32-32-2_agents_50_test_0.yaml -1 -1 -1 -1 -1 -1 -1 -1 -1 -1
maze-32-32-2_agents_50_test_1.yaml -1 -1 -1 -1 -1 -1 -1 -1 -1 -1
maze-32-32-2_agents_50_test_10.yaml -1 -1 -1 -1 -1 -1 -1 -1 -1 -1
maze-32-32-2_agents_50_test_11.yaml -1 -1 -1 -1 -1 -1 -1 -1 -1 -1
maze-32-32-2_agents_50_test_12.yaml -1 -1 -1 -1 -1 -1 -1 -1 -1 -1
maze-32-32-2_agents_50_test_13.yaml -1 -1 -1 -1 -1 -1 -1 -1 -1 -1
maze-32-32-2_agents_50_test_14.yaml -1 -1 -1 -1 -1 -1 -1 -1 -1 -1
maze-32-32-2_agents_50_test_15.yaml -1 -1 -1 -1 -1 -1 -1 -1 -1 -1
maze-32-32-2_agents_50_test_16.yaml -1 -1 -1 -1 -1 -1 -1 -1 -1 -1
maze-32-32-2_agents_50_test_17.yaml -1 -1 -1 -1 -1 -1 -1 -1 -1 -1
maze-32-32-2_agents_50_test_18.yaml -1 -1 -1 -1 -1 -1 -1 -1 -1 -1
maze-32-32-2_agents_50_test_19.yaml -1 -1 -1 -1 -1 -1 -1 -1 -1 -1
maze-32-32-2_agents_50_test_2.yaml -1 -1 -1 -1 -1 -1 -1 -1 -1 -1
maze-32-32-2_agents_50_test_3.yaml -1 -1 -1 -1 -1 -1 -1 -1 -1 -1
maze-32-32-2_agents_50_test_4.yaml -1 -1 -1 -1 -1 -1 -1 -1 -1 -1
maze-32-32-2_agents_50_test_5.yaml -1 -1 -1 -1 -1 -1 -1 -1 -1 -1
maze-32-32-2_agents_50_test_6.yaml -1 -1 -1 -1 -1 -1 -1 -1 -1 -1
maze-32-32-2_agents_50_test_7.yaml -1 -1 -1 -1 -1 -1 -1 -1 -1 -1
maze-32-32-2_agents_50_test_8.yaml -1 -1 -1 -1 -1 -1 -1 -1 -1 -1
maze-32-32-2_agents_50_test_9.yaml -1 -1 -1 -1 -1 -1 -1 -1 -1 -1
maze-32-32-2_agents_55_test_0.yaml -1 -1 -1 -1 -1 -1 -1 -1 -1 -1
maze-32-32-2_agents_55_test_1.yaml -1 -1 -1 -1 -1 -1 -1 -1 -1 -1
maze-32-32-2_agents_55_test_10.yaml -1 -1 -1 -1 -1 -1 -1 -1 -1 -1
maze-32-32-2_agents_55_test_11.yaml -1 -1 -1 -1 -1 -1 -1 -1 -1 -1
maze-32-32-2_agents_55_test_12.yaml -1 -1 -1 -1 -1 -1 -1 -1 -1 -1
maze-32-32-2_agents_55_test_13.yaml -1 -1 -1 -1 -1 -1 -1 -1 -1 -1
maze-32-32-2_agents_55_test_14.yaml -1 -1 -1 -1 -1 -1 -1 -1 -1 -1
maze-32-32-2_agents_55_test_15.yaml -1 -1 -1 -1 -1 -1 -1 -1 -1 -1
maze-32-32-2_agents_55_test_16.yaml -1 -1 -1 -1 -1 -1 -1 -1 -1 -1
maze-32-32-2_agents_55_test_17.yaml -1 -1 -1 -1 -1 -1 -1 -1 -1 -1
maze-32-32-2_agents_55_test_18.yaml -1 -1 -1 -1 -1 -1 -1 -1 -1 -1
maze-32-32-2_agents_55_test_19.yaml -1 -1 -1 -1 -1 -1 -1 -1 -1 -1
maze-32-32-2_agents_55_test_2.yaml -1 -1 -1 -1 -1 -1 -1 -1 -1 -1
maze-32-32-2_agents_55_test_3.yaml -1 -1 -1 -1 -1 -1 -1 -1 -1 -1
maze-32-32-2_agents_55_test_4.yaml -1 -1 -1 -1 -1 -1 -1 -1 -1 -1
maze-32-32-2_agents_55_test_5.yaml -1 -1 -1 -1 -1 -1 -1 -1 -1 -1
maze-32-32-2_agents_55_test_6.yaml -1 -1 -1 -1 -1 -1 -1 -1 -1 -1
maze-32-32-2_agents_55_test_7.yaml -1 -1 -1 -1 -1 -1 -1 -1 -1 -1
maze-32-32-2_agents_55_test_8.yaml -1 -1 -1 -1 -1 -1 -1 -1 -1 -1
maze-32-32-2_agents_55_test_9.yaml -1 -1 -1 -1 -1 -1 -1 -1 -1 -1
